0	1520274656.92	342.0	32237894.0	73929634.0	70197688.0
1	1520274656.94	342.0	32333792.0	71166818.0	69267556.0
2	1520274657.03	342.0	34361898.0	72576808.0	68890488.0
3	1520274657.04	342.0	33459980.0	71259446.0	68097332.0
4	1520274657.17	342.0	21278576.0	62218182.0	67851536.0
5	1520274657.23	342.0	39141752.0	73953148.0	68517690.0
6	1520274657.47	342.0	32549358.0	72903440.0	71895550.0
7	1520274657.6	342.0	34109548.0	73087116.0	70808578.0
8	1520274657.65	342.0	21583610.0	63133770.0	62281938.0	47838960.0
9	1520274657.68	340.0	32424920.0	70683302.0	64883342.0
10	1520274657.78	342.0	21868596.0	55899612.0	64968604.0	46778752.0
11	1520274658.5	342.0	33854904.0	71095434.0	56171956.0	38972312.0
12	1520274658.54	340.0	22384764.0	64987500.0	61891760.0	39133592.0
13	1520274658.56	342.0	22772144.0	61136498.0	57525718.0	36437146.0
14	1520274658.58	342.0	34339304.0	71502008.0	54389916.0	41369100.0
15	1520274658.65	342.0	35036722.0	69848746.0	52902908.0	43556768.0
16	1520274658.66	342.0	32512958.0	69776802.0	54898052.0	43947746.0
17	1520274658.69	342.0	23616514.0	57765960.0	60167710.0	42677372.0
18	1520274658.73	342.0	33466180.0	72491452.0	55653944.0	36284566.0
19	1520274658.73	342.0	14411846.0	47781960.0	59569798.0	37064768.0	31882394.0
20	1520274658.77	342.0	18834580.0	59536538.0	56870310.0	42480654.0
21	1520274658.77	342.0	16324810.0	40087034.0	50264108.0	48231828.0	37026522.0
22	1520274658.78	342.0	32002856.0	69129348.0	52666250.0	39260466.0
23	1520274658.78	342.0	27691782.0	60668880.0	55294954.0	40347094.0
24	1520274658.8	340.0	34774270.0	69860384.0	51687016.0	40312708.0
25	1520274658.86	342.0	34929096.0	67321396.0	52099274.0	38352396.0
26	1520274658.88	342.0	19898214.0	63576588.0	57539380.0	38476734.0
27	1520274658.92	342.0	26502216.0	66579504.0	51727988.0	36314444.0
28	1520274658.98	342.0	19518070.0	63250538.0	54914188.0	37803070.0
29	1520274659.1	342.0	14462756.0	37514596.0	33278714.0	51367676.0	38962620.0
30	1520274659.1	342.0	18719736.0	52204590.0	58339814.0	39273982.0	34746274.0
31	1520274659.11	342.0	16401756.0	40405760.0	58643688.0	44540758.0	35950040.0
32	1520274659.14	342.0	21728326.0	58660518.0	49329856.0	42193978.0	30677884.0
33	1520274659.17	342.0	20047882.0	40780660.0	57217806.0	45018574.0	34032024.0
34	1520274659.19	340.0	15650980.0	49453446.0	56241892.0	41577010.0	36812070.0
35	1520274659.19	342.0	17917932.0	57103298.0	54320568.0	35870188.0
36	1520274659.2	342.0	18369972.0	41006516.0	58913760.0	39970456.0	37286464.0
37	1520274659.36	342.0	15384676.0	52084066.0	58199448.0	42851074.0	33977716.0
38	1520274659.4	342.0	31881922.0	68201400.0	48014108.0	35682006.0
39	1520274659.41	342.0	24011898.0	62462862.0	50596244.0	34510678.0	33416474.0
40	1520274659.45	342.0	30548178.0	64303576.0	50648170.0	44080198.0
41	1520274659.52	342.0	20472414.0	56630280.0	51582594.0	37829764.0	31856426.0
42	1520274659.52	342.0	29981122.0	68426740.0	50114862.0	38668064.0
43	1520274659.53	340.0	14326862.0	52209342.0	58535290.0	36762218.0	34854666.0
44	1520274659.73	342.0	32093948.0	65481088.0	46852996.0	43259210.0
45	1520274659.76	342.0	21539130.0	54794126.0	49644054.0	35528752.0	31444344.0
46	1520274659.77	342.0	33307138.0	64459830.0	44364642.0	42300744.0
47	1520274659.77	342.0	33907412.0	63377030.0	50759784.0	35180598.0
48	1520274659.79	342.0	14415716.0	43923692.0	58901384.0	41507168.0	29247060.0
49	1520274659.79	342.0	31043068.0	64990840.0	45959070.0	40027866.0
50	1520274659.81	342.0	20870806.0	55713322.0	48292506.0	36248654.0	35447814.0
51	1520274659.84	342.0	30296798.0	63408106.0	45212832.0	39824488.0
52	1520274659.87	342.0	19533974.0	53727660.0	47675294.0	38748406.0	34497746.0
53	1520274659.89	342.0	31534798.0	64268848.0	47048722.0	34670292.0
54	1520274659.95	342.0	36039192.0	59001026.0	43562200.0	38355730.0
55	1520274659.98	342.0	26115296.0	57620186.0	46069344.0	36540674.0
56	1520274660.13	342.0	20661760.0	63327170.0	45045374.0	36411180.0	30305278.0
57	1520274660.18	342.0	21249944.0	57639648.0	45938980.0	34758802.0	29207966.0
58	1520274660.35	342.0	27337558.0	60389100.0	41877412.0	35101372.0	32764756.0
59	1520274660.37	342.0	19683200.0	61442386.0	46387826.0	33746696.0	29323872.0
60	1520274660.38	342.0	28698440.0	60853170.0	52377774.0	33112868.0	25531090.0
61	1520274660.5	342.0	10748270.0	57764690.0	46188138.0	40884040.0	33858488.0
62	1520274660.52	342.0	27897428.0	62090796.0	42763488.0	32659304.0	26271998.0
63	1520274660.52	342.0	23581458.0	57766332.0	40380270.0	38380390.0	34380462.0
64	1520274660.63	342.0	19804166.0	55489852.0	42305944.0	34822896.0	32252688.0
65	1520274660.79	342.0	31215048.0	52316984.0	40886108.0	40339938.0	36968012.0
66	1520274660.91	342.0	19468674.0	53930730.0	43014348.0	34132826.0	32376862.0
67	1520274660.91	342.0	23493620.0	49783890.0	43662188.0	41963064.0	27006238.0
68	1520274661.08	342.0	35150852.0	48688924.0	41311158.0	36901000.0	28343294.0
69	1520274661.15	340.0	32299474.0	50603696.0	43094154.0	37349908.0	27636348.0
70	1520274661.4	342.0	21125240.0	57536756.0	40343806.0	33549562.0	32821288.0	13175624.0
71	1520274661.43	340.0	13908616.0	37187610.0	48830632.0	36476870.0	29974946.0	8516646.0	17344012.0
72	1520274661.44	342.0	24838614.0	54880302.0	40095350.0	34698656.0	30341874.0	15703490.0
73	1520274661.54	342.0	13911036.0	42242472.0	53445254.0	40669720.0	32631378.0	9531886.0	774.0
74	1520274661.59	342.0	17458834.0	60092128.0	42609578.0	31486122.0	29979248.0	18215570.0
75	1520274661.63	342.0	26417502.0	60308628.0	36624194.0	35271044.0	31897870.0	11444744.0
76	1520274661.75	342.0	28669500.0	50601344.0	34364516.0	33586280.0	32530704.0
77	1520274661.8	342.0	29531274.0	51777368.0	34554562.0	33497162.0	33937068.0
78	1520274661.84	342.0	19275240.0	60420462.0	41309718.0	38369262.0	32865034.0	712.0
79	1520274661.85	342.0	15051674.0	48254630.0	47286648.0	37891822.0	33983752.0	19808606.0	828.0
80	1520274661.98	340.0	19771668.0	51867724.0	39476606.0	32787324.0	30701058.0	1642566.0
81	1520274662.01	342.0	16020334.0	53874732.0	44238942.0	31487862.0	29688010.0	8739346.0	8379588.0
82	1520274662.04	342.0	16309212.0	53447828.0	42889044.0	31317590.0	29214764.0	6122640.0	15779754.0
83	1520274662.15	342.0	25051048.0	50621452.0	38063594.0	39245118.0	38065664.0	412390.0
84	1520274662.2	342.0	16339756.0	42747436.0	41626246.0	32902632.0	30887774.0	11379876.0	8504336.0
85	1520274662.22	342.0	29771856.0	52852788.0	37746336.0	33473728.0	27398082.0	11721460.0
86	1520274662.22	342.0	19195898.0	46413422.0	35587498.0	37034468.0	27774510.0	16037072.0
87	1520274662.35	342.0	15406518.0	53491498.0	46343636.0	34282032.0	26799268.0	21359128.0	882.0
88	1520274662.41	342.0	31460838.0	47212052.0	38286586.0	34311586.0	29856546.0	408.0
89	1520274662.49	342.0	21798902.0	56604724.0	42470894.0	35333916.0	27810488.0	12124146.0	828.0
90	1520274662.6	342.0	23031800.0	48893112.0	35034964.0	33287112.0	30734652.0	10622700.0
91	1520274662.61	342.0	24660552.0	56463956.0	36613710.0	35934136.0	33007672.0	5623882.0	817882.0
92	1520274662.62	342.0	18974328.0	56713222.0	42269034.0	37242842.0	20495164.0	16553556.0	882.0
93	1520274662.67	342.0	30074764.0	46501892.0	31508764.0	39043654.0	34346228.0	14424304.0
94	1520274662.74	342.0	29448622.0	46153502.0	40150380.0	27060800.0	31438432.0	15692650.0	11725486.0
95	1520274662.75	342.0	16595178.0	48088582.0	37414916.0	37952348.0	34759050.0	11346534.0	14957872.0
96	1520274662.75	342.0	31029484.0	48667012.0	40778882.0	33807952.0	26479282.0	15643790.0
97	1520274663.59	340.0	23068766.0	45126162.0	29976176.0	31324008.0	34490032.0	17007872.0	21020192.0
98	1520274663.62	342.0	26849036.0	49937456.0	37851340.0	37832788.0	26349340.0	21380316.0	1048.0
99	1520274663.68	342.0	31795712.0	54223992.0	36813032.0	29010780.0	32578398.0	14134108.0	882.0	508.0
100	1520274663.69	342.0	29473114.0	50029340.0	38346642.0	34662446.0	32375924.0	13249860.0	882.0
101	1520274663.7	342.0	28976230.0	47777908.0	35184820.0	34080108.0	29401936.0	408.0	22282238.0
102	1520274663.74	342.0	19831784.0	42375684.0	35993314.0	31502312.0	26259972.0	22544272.0	16553014.0
103	1520274663.74	342.0	20868168.0	43266690.0	31570562.0	33257316.0	31751498.0	13785970.0	21699030.0
104	1520274663.78	342.0	31023656.0	49636434.0	39037554.0	30369060.0	32697168.0	9710996.0	882.0	9327402.0
105	1520274663.78	342.0	24222850.0	45063016.0	38973960.0	29867450.0	36101982.0	3781424.0	14466002.0
106	1520274663.81	342.0	27482890.0	43245638.0	38722374.0	35924140.0	37192374.0	10037946.0	886.0
107	1520274663.82	342.0	18112072.0	42111910.0	32487516.0	33004582.0	20111036.0	13684950.0	36488822.0	6062738.0
108	1520274663.83	342.0	16250380.0	48313132.0	36827598.0	30637922.0	30323904.0	11379718.0	2384312.0	18346382.0
109	1520274663.85	342.0	29135596.0	47252678.0	43105508.0	41527618.0	16505456.0	12105500.0	882.0
110	1520274663.86	342.0	18828386.0	49962844.0	32492748.0	31127786.0	26028894.0	20057094.0	10607990.0	6839582.0
111	1520274663.92	342.0	20594198.0	38325762.0	33227438.0	33914984.0	31059648.0	29967744.0	882.0
112	1520274663.92	342.0	19899616.0	43481596.0	34992952.0	28717416.0	27144806.0	25607226.0	9735232.0	13836886.0
113	1520274663.92	342.0	26217334.0	44963538.0	32220892.0	27022122.0	38352874.0	17760214.0	994.0
114	1520274663.92	342.0	23498234.0	47754020.0	38158812.0	27889162.0	26311668.0	948.0	24841372.0	6764322.0
115	1520274663.92	342.0	24181800.0	35616992.0	35416296.0	33444060.0	26753986.0	35329620.0	1199208.0
116	1520274663.95	342.0	19199780.0	41675160.0	34967562.0	31797852.0	27908438.0	10897750.0	23474806.0	5663706.0
117	1520274663.96	342.0	23243618.0	47774322.0	33355234.0	29454388.0	31903734.0	21416566.0	882.0	8564224.0
118	1520274664.0	342.0	28310068.0	49736364.0	39206162.0	31174114.0	27025634.0	9263502.0	882.0	508.0
119	1520274664.01	342.0	21741722.0	41793170.0	37387820.0	30731850.0	23872970.0	22990956.0	1048.0
120	1520274664.01	340.0	16365554.0	42343062.0	34364014.0	29919934.0	34756644.0	26103846.0	826.0
121	1520274664.03	342.0	18606740.0	42905540.0	34351282.0	29096278.0	33494402.0	11727304.0	17845732.0	12480638.0
122	1520274664.04	342.0	22470570.0	45324704.0	39001652.0	33710860.0	35541364.0	10454120.0	720.0
123	1520274664.05	342.0	19849602.0	44834696.0	35439246.0	30716220.0	32320682.0	19124406.0	828.0	5637610.0
124	1520274664.09	342.0	15734790.0	42815044.0	33062636.0	33994800.0	27398942.0	26568932.0	666.0
125	1520274664.09	342.0	21060008.0	45677094.0	32606690.0	39634626.0	32508270.0	18577500.0	1048.0
126	1520274664.11	342.0	12954878.0	42679734.0	30841416.0	33613380.0	35171292.0	29883616.0	882.0
127	1520274664.12	342.0	23053586.0	46039428.0	39419500.0	33215554.0	28357170.0	17652272.0	882.0
128	1520274664.13	342.0	19404776.0	41687476.0	32932828.0	29858442.0	31797762.0	16531564.0	9268224.0	13767238.0
129	1520274664.14	342.0	21613032.0	42515340.0	33473010.0	33015956.0	28037660.0	7633100.0	22356798.0	13043596.0
130	1520274664.15	342.0	20626866.0	41135828.0	36328870.0	37096770.0	24463476.0	7951084.0	20544050.0	9348708.0
131	1520274664.18	342.0	20653906.0	39798852.0	33664554.0	29591762.0	28790184.0	26284644.0	882.0
132	1520274664.19	342.0	24229518.0	40781796.0	32848128.0	30069798.0	32973852.0	18551162.0	882.0
133	1520274664.19	342.0	23330230.0	43719386.0	31475878.0	29430636.0	30777184.0	397388.0	32391550.0	5678286.0
134	1520274664.24	342.0	14572582.0	32780390.0	33987806.0	27503264.0	35981882.0	27012376.0	940.0
135	1520274664.25	342.0	20917342.0	45322924.0	38120916.0	27622540.0	27622794.0	11032782.0	4124784.0	4914320.0
136	1520274664.26	342.0	18931918.0	38479346.0	37880296.0	23521614.0	28091856.0	25033420.0	994.0
137	1520274664.27	342.0	14255978.0	45960370.0	32195084.0	32672950.0	31097654.0	30049812.0	882.0
138	1520274664.29	342.0	26621372.0	41593680.0	37580408.0	27921576.0	35558770.0	398636.0	562.0	32171996.0
139	1520274664.34	342.0	21389418.0	37310360.0	30476092.0	29023468.0	30647070.0	6053322.0	9286738.0
140	1520274664.34	342.0	21457736.0	43614450.0	32104010.0	32803368.0	28493702.0	8909820.0	4835548.0	12063556.0
141	1520274664.36	342.0	19015288.0	38095756.0	29767954.0	31417432.0	24535926.0	21114646.0	4016422.0
142	1520274664.37	342.0	20952832.0	41563798.0	34570038.0	25177536.0	24601780.0	15772040.0	882.0
143	1520274664.38	342.0	19534132.0	37768216.0	33671662.0	37240072.0	32834228.0	15924808.0	4873568.0
144	1520274664.38	342.0	24092274.0	41275294.0	33815526.0	27517312.0	35730140.0	8298330.0	6614798.0
145	1520274664.4	342.0	18452530.0	37479934.0	35684768.0	26088496.0	20926530.0	26677754.0	994.0
146	1520274664.42	342.0	20522108.0	38025954.0	31111560.0	34659442.0	29666990.0	24380554.0	882.0
147	1520274664.43	342.0	21415346.0	40718572.0	39211200.0	32318860.0	30254612.0	18084140.0	828.0
148	1520274664.45	342.0	20994096.0	42304582.0	33416772.0	15110616.0	23775044.0	27034746.0	21656234.0
149	1520274664.49	342.0	19360912.0	38025892.0	32597844.0	31475672.0	23483414.0	14141550.0	2848886.0
150	1520274664.5	342.0	13717504.0	27098842.0	33482808.0	31115996.0	28148110.0	23827544.0	727764.0
151	1520274664.51	342.0	18387192.0	45720310.0	34812054.0	31803462.0	31835558.0	16532398.0	882.0
152	1520274664.55	342.0	21839896.0	39896284.0	33550828.0	37022432.0	32733882.0	462.0	3506210.0
153	1520274664.58	340.0	13389972.0	33924480.0	28656114.0	32372408.0	27170122.0	21361578.0	4442204.0
154	1520274664.59	342.0	26178656.0	39705900.0	32730512.0	27793488.0	33089068.0	15666226.0	882.0
155	1520274664.61	342.0	16911908.0	37268212.0	30730094.0	30236974.0	23957162.0	26238060.0	940.0	30646660.0
156	1520274664.63	342.0	14499344.0	31127674.0	31476530.0	35024844.0	39051590.0	2903216.0
157	1520274664.68	342.0	16701890.0	33819958.0	38965078.0	37492080.0	31474716.0	408.0	9949966.0
158	1520274664.85	342.0	12197354.0	34367650.0	30877666.0	30105670.0	26441234.0	18503048.0	994.0	40512914.0
159	1520274664.88	342.0	13707448.0	36288976.0	29524164.0	35204132.0	40637084.0	408.0	39985848.0
160	1520274664.89	342.0	20994998.0	40452580.0	33553838.0	22196066.0	28409092.0	12720022.0	42946.0	43502570.0
161	1520274664.93	342.0	15018518.0	35501788.0	27724812.0	37156154.0	41586076.0	14913272.0	882.0
162	1520274664.96	342.0	16199988.0	31519670.0	31208104.0	24013810.0	26337780.0	11711902.0	6290610.0	43785232.0
163	1520274665.03	342.0	15969006.0	33574994.0	29448890.0	32058588.0	29677396.0	7742480.0	11527072.0	43145322.0
164	1520274665.05	342.0	16237102.0	40472270.0	34881996.0	24715652.0	30382424.0	411204.0	24755844.0
165	1520274665.06	342.0	16633824.0	34119492.0	26001636.0	30368830.0	28652908.0	11820934.0	7719942.0	38040900.0
166	1520274665.06	342.0	14543700.0	33307322.0	29506330.0	22719242.0	31714758.0	23490324.0	2053022.0	42370324.0
167	1520274665.07	340.0	19017988.0	33549728.0	32322348.0	31475276.0	27899974.0	8107210.0	14621020.0	33926354.0
168	1520274665.09	342.0	15825244.0	37238362.0	30410614.0	24613262.0	28634340.0	8185588.0	12934728.0
169	1520274665.1	342.0	17452692.0	31498364.0	33684738.0	27556510.0	28044960.0	3224016.0	6971358.0	42680416.0
170	1520274665.12	342.0	15405902.0	30359980.0	28320418.0	32476292.0	36142640.0	932.0	24717074.0
171	1520274665.14	342.0	16261100.0	37035392.0	33868306.0	34255544.0	28274968.0	13071600.0	616.0	14559468.0
172	1520274665.21	342.0	11830618.0	36635752.0	30243262.0	20274868.0	29614622.0	10103604.0	5281746.0	30709346.0
173	1520274665.23	342.0	12930320.0	34343018.0	20958772.0	25168786.0	40369306.0	1253056.0	46583568.0
174	1520274665.28	342.0	12096452.0	37198044.0	27026508.0	28027446.0	24709754.0	11046126.0	1668800.0	26825808.0
175	1520274665.31	342.0	15429800.0	31861260.0	26253926.0	24603854.0	34002008.0	736.0	21483230.0	44476008.0
176	1520274665.33	342.0	21812928.0	35997272.0	29417180.0	32284342.0	29431042.0	5656590.0	4814490.0	39970132.0
177	1520274665.33	342.0	22495800.0	37608308.0	27921926.0	34081688.0	32924646.0	397748.0	27019616.0
178	1520274665.34	342.0	14063792.0	31124748.0	35967934.0	21263000.0	36343760.0	462.0	38675968.0
179	1520274665.34	342.0	16772334.0	34240078.0	28907334.0	29286034.0	26311170.0	10961214.0	6762204.0	28051642.0
180	1520274665.39	342.0	24601280.0	37404768.0	29462408.0	33906178.0	22497580.0	406950.0	33548854.0
181	1520274665.43	342.0	12412512.0	29599342.0	28795040.0	32141238.0	21634088.0	1751132.0	42199776.0
182	1520274665.45	340.0	14968574.0	35434426.0	32841900.0	37469756.0	19362766.0	7719242.0	46312482.0
183	1520274665.45	342.0	10189432.0	30206468.0	22678246.0	23057730.0	25865696.0	13000418.0	12540538.0	23949920.0	36849416.0
184	1520274665.46	342.0	14394920.0	25545664.0	29282892.0	33431040.0	35771468.0	5208962.0	30074350.0
185	1520274665.5	342.0	11734566.0	37545728.0	31834956.0	35099122.0	30383712.0	4055516.0	18954256.0
186	1520274665.55	342.0	15583656.0	32675644.0	30770180.0	30444770.0	39593454.0	4022092.0	7686648.0
187	1520274665.55	342.0	15791642.0	35997042.0	31140590.0	30614714.0	29605990.0	405106.0	26645388.0
188	1520274665.57	342.0	10539906.0	26850846.0	26548078.0	27576378.0	25498434.0	12204658.0	4848036.0	34835954.0
189	1520274665.59	342.0	9342622.0	32837596.0	31615936.0	22036220.0	24601620.0	20779296.0	12186132.0	30899354.0
190	1520274665.6	342.0	16580594.0	32435428.0	29484254.0	32313330.0	32148266.0	16801054.0	408556.0	25499096.0
191	1520274665.6	342.0	11466020.0	30306638.0	28839204.0	32855360.0	29946402.0	400682.0	27132864.0
192	1520274665.6	342.0	17866908.0	33667086.0	28863578.0	39504272.0	20018620.0	26389196.0	25956604.0
193	1520274665.61	342.0	14766692.0	28146768.0	27603718.0	23707590.0	33321098.0	395944.0	33686712.0
194	1520274665.62	342.0	14107526.0	28664390.0	34586112.0	34981616.0	34139202.0	821330.0	15461962.0
195	1520274665.62	342.0	10163126.0	31832872.0	30123636.0	27520478.0	33135924.0	404352.0	31812242.0
196	1520274665.62	340.0	9297240.0	27882074.0	27458354.0	28670966.0	29839138.0	1004.0	23923098.0	46624864.0
197	1520274665.63	342.0	11843590.0	31257594.0	29051548.0	22716462.0	25556980.0	16211614.0	4051384.0	50387032.0
198	1520274665.66	342.0	12944500.0	37146118.0	26736236.0	33971056.0	25523200.0	398504.0	44975118.0
199	1520274665.75	342.0	13015702.0	30248666.0	33672130.0	22792736.0	22796206.0	1042798.0	44493896.0
200	1520274665.78	342.0	14159942.0	32154542.0	33190908.0	28385822.0	28646142.0	3256746.0	15268832.0
201	1520274665.8	342.0	14520654.0	30791698.0	30854778.0	28493564.0	28242202.0	409618.0	41354604.0
202	1520274665.84	342.0	12511498.0	32790454.0	32489946.0	31761322.0	18877566.0	10590656.0	30586146.0
203	1520274665.85	342.0	16231072.0	30974004.0	31920350.0	33632756.0	38116730.0	806322.0	882.0	47525810.0
204	1520274665.87	342.0	24602566.0	32286500.0	40314948.0	36585146.0	24954400.0	2865484.0	11666196.0
205	1520274665.88	342.0	17788352.0	33570622.0	35955528.0	33336462.0	36796486.0	730282.0	882.0	40842456.0
206	1520274665.91	342.0	16342178.0	32535540.0	28537984.0	36457180.0	6869106.0	36397066.0	39548368.0
207	1520274665.91	342.0	18137416.0	32360444.0	27036208.0	38690530.0	22993266.0	405456.0	17378832.0
208	1520274665.92	342.0	21457334.0	33496090.0	36912872.0	29770818.0	27972386.0	390096.0	562964.0
209	1520274665.94	342.0	6642350.0	29732466.0	26385770.0	26367958.0	23128244.0	12921296.0	4850812.0	37072550.0	31212306.0
210	1520274665.95	340.0	6110112.0	31775000.0	33009922.0	38839466.0	6546828.0	28210150.0	49715924.0
211	1520274665.95	342.0	19743380.0	30378550.0	38656162.0	25483240.0	22386768.0	25070184.0
212	1520274665.99	342.0	19339248.0	36646470.0	37977606.0	37956498.0	20901642.0	409492.0	12143912.0
213	1520274666.01	342.0	20163670.0	29478404.0	31567286.0	27852196.0	28919666.0	408002.0	18515884.0	43932888.0
214	1520274666.04	342.0	12543526.0	28243368.0	23473174.0	27577802.0	33873642.0	422376.0	34393576.0	38117490.0
215	1520274666.04	342.0	12370036.0	32226554.0	30678058.0	40098602.0	5589128.0	22773594.0	44517422.0
216	1520274666.04	342.0	8845112.0	24351296.0	32283046.0	35306308.0	15499224.0	22957450.0	32113596.0
217	1520274666.06	342.0	15885818.0	28847914.0	28377578.0	32548920.0	31391536.0	433670.0	5280016.0	51047384.0
218	1520274666.07	342.0	17520218.0	35962238.0	34575266.0	32709020.0	20998014.0	1616232.0	11252452.0
219	1520274666.09	342.0	10113544.0	27856206.0	38638130.0	22277772.0	34771390.0	24095116.0
220	1520274666.1	342.0	8019756.0	30250438.0	25894006.0	30428634.0	10005780.0	19820916.0	44581692.0
221	1520274666.1	342.0	16228944.0	31145674.0	32066994.0	24741810.0	21026802.0	27969264.0	49462614.0
222	1520274666.13	342.0	10605002.0	28100276.0	26545566.0	27196310.0	15089896.0	14701752.0	40964104.0
223	1520274666.15	342.0	9291108.0	34486626.0	31717064.0	37396926.0	6870256.0	38819652.0	25510194.0
224	1520274666.16	342.0	17045790.0	23110618.0	42350936.0	21373584.0	26528104.0	33431026.0	37898972.0
225	1520274666.17	340.0	8894516.0	23806452.0	24434468.0	28553566.0	16860086.0	20304410.0	38673150.0
226	1520274666.18	342.0	13318808.0	25385864.0	26365136.0	28358542.0	25678346.0	402762.0	34018992.0	39011256.0
227	1520274666.19	342.0	11385760.0	31342876.0	37549082.0	32833778.0	16853112.0	6044358.0	29107592.0
228	1520274666.21	342.0	14484982.0	33032986.0	30504034.0	37432764.0	5359052.0	26558674.0	27814554.0
229	1520274666.25	342.0	9700134.0	29082160.0	35369976.0	31820410.0	4899370.0	26313494.0	48615250.0
230	1520274666.25	342.0	12080484.0	38072370.0	32484694.0	31162630.0	12580420.0	20298580.0	21287050.0
231	1520274666.27	342.0	11369604.0	27291020.0	31184568.0	33218416.0	6147496.0	31885552.0	35438356.0
232	1520274666.28	342.0	10556326.0	28268442.0	30302250.0	35120584.0	17173372.0	26090130.0	9673462.0
233	1520274666.28	342.0	15333086.0	28189144.0	33395168.0	36345460.0	8252644.0	24674876.0	24884386.0
234	1520274666.28	340.0	12927738.0	33204740.0	25054448.0	29888734.0	17865694.0	2024886.0	29696402.0	48617100.0
235	1520274666.28	342.0	14172994.0	25890764.0	31568642.0	27694108.0	25932172.0	407478.0	19228160.0	43825534.0
236	1520274666.28	342.0	13836654.0	25420972.0	28534716.0	32569302.0	8527944.0	14461500.0	42392410.0
237	1520274666.28	342.0	4434432.0	21545964.0	24552692.0	23969638.0	25902438.0	18888128.0	5684674.0	28665094.0	34745064.0
238	1520274666.32	342.0	11267242.0	27141702.0	27293124.0	34055638.0	11309988.0	26267918.0	20535656.0
239	1520274666.35	342.0	14880038.0	31574942.0	30370832.0	30853052.0	5708632.0	18135126.0	38985840.0
240	1520274666.36	342.0	14599946.0	25918878.0	29041856.0	29559784.0	13014686.0	42729440.0	27027706.0
241	1520274666.37	342.0	9032820.0	25041598.0	28743738.0	22027862.0	12695914.0	27679378.0	24873810.0
242	1520274666.38	342.0	12951696.0	32718396.0	15697706.0	34357390.0	1538526.0	23613104.0	48064948.0
243	1520274666.39	342.0	14289156.0	30243574.0	32112158.0	7308874.0	35099548.0	40954942.0
244	1520274666.41	342.0	16917418.0	30667296.0	29800492.0	27430144.0	14667044.0	29297742.0	37546888.0
245	1520274666.42	342.0	19860730.0	30451312.0	21968710.0	30738678.0	17103522.0	10984928.0	15972762.0	46252916.0
246	1520274666.47	342.0	13424996.0	30471196.0	37797824.0	22076612.0	13952050.0	36334090.0	31183484.0
247	1520274666.47	342.0	8799220.0	28309642.0	22624736.0	21345492.0	23158910.0	818374.0	25683850.0	41715278.0
248	1520274666.49	342.0	11846384.0	25959228.0	37327676.0	25584356.0	16577226.0	36321398.0	21445896.0
249	1520274666.5	342.0	10974290.0	31597744.0	34978664.0	15705448.0	36851312.0	20921748.0	46905166.0
250	1520274666.51	340.0	10911002.0	30768368.0	29933526.0	29844228.0	17710902.0	37598594.0	24567716.0
251	1520274666.55	342.0	6357324.0	26290008.0	21362902.0	31086458.0	10524716.0	14246042.0	39056946.0	49604964.0
252	1520274666.58	342.0	10111728.0	27210198.0	33178870.0	18166218.0	32479660.0	21914868.0	48804226.0
253	1520274666.58	342.0	12410892.0	36972568.0	37888362.0	8079590.0	51506108.0	28999828.0
254	1520274666.59	342.0	14876904.0	28323162.0	32656138.0	21408360.0	26227642.0	27437894.0	33007728.0
255	1520274666.59	342.0	17269408.0	23171638.0	28881644.0	36355198.0	11345274.0	12321424.0	40175884.0
256	1520274666.6	342.0	12494122.0	23879724.0	33505148.0	31961532.0	12531182.0	5155840.0	45079202.0
257	1520274666.62	342.0	12813272.0	29078880.0	27376920.0	29307316.0	15890764.0	26046380.0	30298076.0
258	1520274666.62	342.0	18451402.0	27280238.0	30010656.0	24777844.0	16637766.0	13824138.0	40514874.0
259	1520274666.62	342.0	8933050.0	37106986.0	34786116.0	11644806.0	35300530.0	35937328.0	29538190.0
260	1520274666.64	342.0	12935622.0	39103404.0	31563010.0	7268460.0	50520166.0	29408818.0
261	1520274666.65	342.0	13930708.0	29849090.0	34715914.0	17424452.0	29128266.0	15399632.0	41608514.0
262	1520274666.66	342.0	9669860.0	29397812.0	29177378.0	14892530.0	30800114.0	27247000.0	47915006.0
263	1520274666.68	342.0	11352390.0	25433998.0	20606548.0	32806254.0	8353536.0	31514580.0	17530428.0	48583702.0
264	1520274666.7	342.0	13397508.0	29165564.0	31821086.0	22760572.0	20613962.0	11192470.0	44976910.0
265	1520274666.7	342.0	12905486.0	26631992.0	36355712.0	38311036.0	8501028.0	22250044.0	2455886.0
266	1520274666.71	342.0	13729794.0	26378878.0	22085470.0	34690972.0	7275730.0	42085164.0	4858308.0
267	1520274666.72	342.0	13295384.0	34798054.0	35141336.0	12710736.0	42840994.0	19131042.0	26005404.0
268	1520274666.74	340.0	20288830.0	32038336.0	24646194.0	9868662.0	44166214.0	29218446.0
269	1520274666.75	342.0	12749282.0	19612732.0	34496168.0	6020846.0	46092114.0	33239374.0	49907664.0
270	1520274666.75	342.0	6777748.0	29378416.0	37110480.0	9014980.0	42184984.0	15384346.0	53531252.0
271	1520274666.76	342.0	8093056.0	27126760.0	29261216.0	16256906.0	27775922.0	21504022.0	45785790.0
272	1520274666.76	342.0	14194972.0	28708296.0	29195284.0	26837208.0	13491858.0	34565592.0	12148120.0
273	1520274666.77	342.0	10594428.0	21987302.0	32168452.0	17345170.0	25143728.0	30697478.0	33134752.0
274	1520274666.78	342.0	12380108.0	30842926.0	29190684.0	17759018.0	28851930.0	22742744.0	31363522.0
275	1520274666.79	342.0	10984044.0	37730200.0	32669566.0	28458106.0	6951152.0	27692026.0	12072596.0	38146966.0
276	1520274666.79	342.0	8154976.0	34584698.0	37493996.0	11756046.0	32847604.0	7366880.0	50653088.0
277	1520274666.81	340.0	10938570.0	32416534.0	28525166.0	6725374.0	46718744.0	22759050.0	47941996.0
278	1520274666.81	342.0	7536022.0	26352992.0	21372986.0	30122432.0	9346798.0	19562622.0	38276294.0	42412560.0
279	1520274666.85	342.0	15785448.0	26211638.0	37836386.0	22644634.0	30427962.0	26794420.0	882.0
280	1520274666.85	342.0	13749910.0	20505192.0	33330048.0	8523528.0	44636850.0	27214082.0
281	1520274666.87	342.0	15671062.0	29909292.0	31987962.0	27330238.0	21457192.0	26261146.0	1447250.0
282	1520274666.89	342.0	9700962.0	33545294.0	34739218.0	7674990.0	45436906.0	30319374.0	29182948.0
283	1520274666.91	342.0	12120080.0	38230380.0	29028782.0	6862818.0	44514606.0	32048516.0	33769702.0
284	1520274666.92	342.0	16144926.0	36624730.0	34297992.0	18545208.0	33880924.0	19308108.0	882.0
285	1520274666.97	342.0	10478810.0	25389446.0	33185110.0	14654650.0	23076062.0	29015822.0	42401974.0
286	1520274667.02	342.0	14209226.0	37424036.0	11729022.0	47770110.0	49380114.0	12141618.0
287	1520274667.03	342.0	12179968.0	30358594.0	22669788.0	21683504.0	48268472.0	38539546.0
288	1520274667.03	342.0	14387070.0	33239792.0	27917708.0	15284790.0	41667798.0	30361594.0	37613440.0
289	1520274667.04	342.0	9466718.0	22397598.0	22297736.0	24361096.0	12083036.0	19187578.0	41477566.0	49044474.0
290	1520274667.07	342.0	14016008.0	6264878.0	49454994.0	50491244.0	60046726.0
291	1520274667.08	342.0	11813818.0	27733338.0	22157030.0	29972072.0	5633642.0	8247836.0	43361666.0	53195382.0
292	1520274667.09	342.0	13315790.0	26520102.0	34731040.0	7741844.0	42698426.0	44960846.0	410886.0
293	1520274667.1	342.0	11394390.0	36777538.0	15338042.0	28750896.0	47232118.0	20589746.0
294	1520274667.11	342.0	12184288.0	33362014.0	29888348.0	7454612.0	44361788.0	45120396.0	18660546.0
295	1520274667.11	340.0	9404732.0	33934770.0	40687656.0	8458534.0	48519600.0	26796470.0	4469780.0
296	1520274667.15	342.0	8647026.0	27395186.0	33816818.0	11290588.0	29816626.0	342.0	41657150.0
297	1520274667.17	342.0	11042840.0	7219840.0	47099068.0	41561102.0	58648934.0
298	1520274667.2	342.0	14977830.0	31447686.0	36027110.0	6774810.0	50531064.0	30141406.0	8067450.0
299	1520274667.22	342.0	16946210.0	7241990.0	36052952.0	48393956.0	67784034.0
300	1520274667.23	342.0	1064.0	46856792.0	46054802.0	61016882.0
301	1520274667.24	340.0	15763920.0	10080728.0	39390982.0	55200536.0	62786902.0
302	1520274667.24	340.0	2429662.0	48838472.0	57803346.0	58899914.0
303	1520274667.25	342.0	10161376.0	27932100.0	30489808.0	20624648.0	14530632.0	14963778.0	29677414.0	48425256.0
304	1520274667.27	342.0	10535994.0	12497752.0	43234576.0	55255662.0	70659100.0
305	1520274667.27	342.0	8893382.0	21013116.0	33194084.0	8623010.0	41629034.0	36186620.0	9534474.0
306	1520274667.27	342.0	14187742.0	29857310.0	18892188.0	30232972.0	45292704.0	24187510.0	37666230.0
307	1520274667.28	342.0	7713494.0	27490220.0	32972246.0	15401316.0	30808108.0	774.0	35903062.0
308	1520274667.29	342.0	10860790.0	29589726.0	38694850.0	6359622.0	49959846.0	31008590.0	3225056.0
309	1520274667.31	342.0	12898992.0	34298100.0	9774646.0	27816340.0	46804544.0	25018660.0
310	1520274667.32	342.0	11298086.0	6068806.0	34803246.0	55679236.0	58550574.0
311	1520274667.34	342.0	1068.0	42499962.0	53219444.0	55426588.0
312	1520274667.41	342.0	1240438.0	6101316.0	44329602.0	53765036.0	63842012.0
313	1520274667.41	342.0	10098640.0	15816894.0	42681042.0	49871202.0	62530746.0
314	1520274667.44	342.0	14897096.0	26764118.0	36804334.0	12097496.0	46461762.0	15403524.0	23163458.0
315	1520274667.45	342.0	10975128.0	29304598.0	25915928.0	15774502.0	37810196.0	19804830.0	50178034.0
316	1520274667.47	342.0	1026.0	23015066.0	52684136.0	57732354.0	65062020.0
317	1520274667.51	342.0	6471690.0	26001068.0	28120066.0	8468522.0	38957256.0	27987592.0	49599918.0
318	1520274667.52	342.0	4860536.0	23925704.0	42353342.0	54387688.0	56751448.0
319	1520274667.55	340.0	12190270.0	35507982.0	26249406.0	14187890.0	43736194.0	45556394.0	880.0
320	1520274667.58	342.0	9327648.0	32312008.0	19118976.0	26710474.0	38347834.0	16224920.0	50607908.0
321	1520274667.59	342.0	12514158.0	33543752.0	24713562.0	17477806.0	44900794.0	38527560.0	1227842.0
322	1520274667.61	342.0	24645150.0	41851238.0	48844034.0	69920690.0
323	1520274667.67	342.0	8091362.0	40713068.0	47144250.0	61159150.0
324	1520274667.7	342.0	1022.0	24255918.0	44825164.0	52730680.0	57803060.0
325	1520274667.72	342.0	10523608.0	34459424.0	19084592.0	28772686.0	44517138.0	21968616.0	19101152.0
326	1520274667.73	342.0	13826926.0	32544244.0	20021912.0	17837222.0	45599358.0	31332928.0	15984104.0
327	1520274667.77	342.0	16863338.0	35629072.0	10620502.0	42208186.0	49678504.0	24585828.0
328	1520274667.85	342.0	16628486.0	31884644.0	18475070.0	28180026.0	52420142.0	27794956.0	882.0
329	1520274667.86	342.0	14225408.0	21546194.0	23883656.0	46365752.0	48886938.0	47190874.0
330	1520274667.88	342.0	19197920.0	31311376.0	20169566.0	25592506.0	48352644.0	26182402.0	882.0
331	1520274667.89	342.0	12129818.0	29551012.0	25895310.0	7935874.0	39827388.0	25945112.0	24370190.0
332	1520274667.89	342.0	9708536.0	18993586.0	29888742.0	44368192.0	50466276.0	34274714.0
333	1520274667.96	342.0	10080726.0	26400384.0	21652978.0	13847258.0	32131524.0	18790610.0	37015828.0
334	1520274667.98	342.0	10127360.0	32045336.0	11768080.0	36869626.0	45490624.0	29644088.0	6997780.0
335	1520274668.15	342.0	14613206.0	16978624.0	35243774.0	45672912.0	50402262.0	732.0
336	1520274668.17	342.0	19716114.0	51989528.0	62620404.0	49822714.0
337	1520274668.21	342.0	9722368.0	36348232.0	12127990.0	38352972.0	50938564.0	27744114.0	882.0
338	1520274668.26	342.0	25222734.0	56037678.0	72043866.0
339	1520274668.29	342.0	8929294.0	31501992.0	6472330.0	42637692.0	48817370.0	41413174.0	882.0
340	1520274668.36	342.0	5249208.0	23378260.0	45386698.0	54357008.0	57192324.0	6547178.0
341	1520274668.48	342.0	14458468.0	24714518.0	15747174.0	41340424.0	46065738.0	45096038.0	882.0
342	1520274668.56	342.0	24303216.0	68333358.0	73081904.0
343	1520274668.57	342.0	21410646.0	37782556.0	54864776.0	43590650.0
344	1520274668.58	342.0	17925964.0	22702078.0	26054428.0	46497594.0	46879828.0	38776546.0	882.0
345	1520274668.64	342.0	15069978.0	43003380.0	62851238.0	64490698.0
346	1520274668.64	342.0	17024040.0	70952076.0	74779462.0
347	1520274668.68	342.0	19476978.0	53134002.0	61234940.0	60886290.0
348	1520274668.73	342.0	32320100.0	71763132.0	75942758.0
349	1520274668.86	342.0	6143464.0	54134482.0	62678610.0	52362616.0
350	1520274668.88	342.0	9314370.0	5625990.0	36109568.0	42655796.0	41578608.0	25742026.0	27866152.0
351	1520274668.96	342.0	16606882.0	57069370.0	73006880.0
352	1520274668.97	342.0	5284094.0	73793614.0	76100664.0
353	1520274668.97	342.0	15689296.0	20121952.0	28817980.0	47061596.0	54742048.0	33529796.0	882.0
354	1520274669.07	342.0	5352804.0	59805734.0	75021218.0
355	1520274669.07	342.0	6681434.0	50597314.0	72088234.0	67619064.0
356	1520274669.12	342.0	7217824.0	50169098.0	74476560.0	70747878.0
357	1520274669.13	342.0	7474794.0	56365974.0	73336554.0
358	1520274669.2	342.0	7246670.0	56589508.0	74103104.0	64322574.0
359	1520274669.2	342.0	19429560.0	57554982.0	44015678.0	57380622.0
360	1520274669.24	342.0	2066750.0	64515934.0	66908906.0
361	1520274669.29	342.0	877784.0	65727620.0	71014828.0	64024910.0
362	1520274669.44	342.0	16093416.0	61303218.0	50099970.0	44658414.0
363	1520274669.44	342.0	482.0	49944460.0	62988258.0	51862806.0
364	1520274669.48	342.0	7294842.0	55482476.0	67412500.0	64385196.0
365	1520274669.49	342.0	3272486.0	67065180.0	71426158.0
366	1520274669.54	342.0	15697634.0	17508194.0	52321204.0	39500574.0	43205408.0
367	1520274669.55	342.0	6638614.0	69814522.0	72608840.0
368	1520274669.63	342.0	8886312.0	20181408.0	33246422.0	52541922.0	66521498.0	10597426.0	558.0
369	1520274669.74	342.0	1022.0	14568092.0	342.0	32415624.0	44632992.0	33046690.0	62427286.0
370	1520274669.75	342.0	8490212.0	20711824.0	6619384.0	16039954.0	72670962.0	31397862.0	2872772.0
371	1520274669.84	342.0	33440082.0	71036866.0	72689212.0
372	1520274669.9	342.0	21885276.0	65110510.0	64285648.0
373	1520274669.95	342.0	524.0	53636804.0	65302932.0	64719554.0
374	1520274669.98	340.0	21484026.0	60800480.0	65735444.0	50436194.0
375	1520274670.07	342.0	23143472.0	19698136.0	64696844.0	66326058.0
376	1520274670.08	342.0	1641040.0	59593212.0	64959438.0	61398804.0
377	1520274670.08	342.0	2655108.0	54080286.0	66330842.0	64110188.0
378	1520274670.43	342.0	524.0	56718276.0	54092686.0	64739508.0
379	1520274670.43	342.0	34209300.0	73593936.0	68842280.0
380	1520274670.45	342.0	384.0	42463064.0	64615836.0	63791200.0
381	1520274670.56	342.0	384.0	23364220.0	58313032.0	64372136.0	60054198.0
382	1520274670.57	342.0	2486234.0	70544588.0	70665232.0
383	1520274670.59	342.0	384.0	31703216.0	71008780.0	72631168.0
384	1520274670.7	342.0	1220758.0	56790102.0	63948356.0	61145114.0
385	1520274670.82	342.0	4197576.0	25722294.0	66989226.0	63865520.0
386	1520274670.86	342.0	24506968.0	63030794.0	62609686.0
387	1520274670.88	342.0	7134030.0	73189520.0	69049770.0
388	1520274670.91	342.0	24269106.0	63615310.0	64963210.0	26634270.0
389	1520274670.97	342.0	33128106.0	73199342.0	73822076.0
390	1520274670.97	342.0	23225288.0	65150058.0	63511354.0
391	1520274671.17	340.0	34372118.0	71017320.0	76140952.0
392	1520274671.25	342.0	860.0	40358406.0	63459134.0	63709210.0
393	1520274671.25	384.0	3917112.0	65843246.0	67172820.0	67580848.0
394	1520274671.34	342.0	524.0	30741454.0	60632790.0	57255514.0	56473590.0
395	1520274671.42	342.0	2487806.0	59242050.0	65413740.0	65241990.0
396	1520274671.58	342.0	4572496.0	62445514.0	65564252.0	67165356.0
397	1520274671.68	342.0	24268282.0	50889230.0	64364746.0	62273056.0
398	1520274671.81	342.0	828464.0	43817332.0	72192444.0	69842110.0
399	1520274671.93	342.0	1217134.0	69718548.0	74552624.0
400	1520274672.04	342.0	4357180.0	28186298.0	63173892.0	48772204.0
401	1520274672.19	342.0	869760.0	58310062.0	69099818.0	60657614.0
402	1520274672.23	342.0	11200910.0	57405376.0	69478720.0
403	1520274672.31	342.0	856.0	58208808.0	68269602.0	65432972.0
404	1520274672.34	342.0	9329428.0	61466056.0	73619654.0
405	1520274672.39	342.0	27227618.0	50293864.0	63380842.0	60375534.0
406	1520274672.41	342.0	3466420.0	75421738.0	72531794.0
407	1520274672.56	342.0	898.0	66444632.0	73245358.0
408	1520274672.56	342.0	2054422.0	67759148.0	68790384.0
409	1520274672.66	342.0	25656720.0	64151558.0	63517616.0	23103040.0	7388144.0
410	1520274672.68	342.0	3322746.0	71376566.0	70430758.0
411	1520274672.69	342.0	6057814.0	52820800.0	72042290.0	71140956.0
412	1520274672.7	342.0	8909704.0	57122790.0	71565024.0
413	1520274672.81	342.0	1130.0	68598418.0	72759268.0	61650778.0
414	1520274672.94	342.0	2864198.0	70058866.0	74517584.0
415	1520274672.94	342.0	3274862.0	58534090.0	73655902.0
416	1520274673.05	342.0	6112498.0	60161988.0	71934560.0
417	1520274673.11	342.0	5337358.0	68692936.0	75185142.0
418	1520274673.11	342.0	22980012.0	59652070.0	22071304.0	60073772.0
419	1520274673.21	342.0	2420138.0	55820348.0	71034742.0	70131872.0
420	1520274673.26	342.0	524.0	58901250.0	69693336.0	71172838.0
421	1520274673.26	342.0	15411080.0	45290812.0	20636710.0	49264216.0	46718750.0
422	1520274673.28	342.0	384.0	40890446.0	67629114.0	69100256.0
423	1520274673.32	342.0	8239194.0	67135184.0	71392656.0
424	1520274673.36	342.0	2907330.0	48424556.0	67761908.0	65151608.0
425	1520274673.4	342.0	2449056.0	68383126.0	72380954.0
426	1520274673.4	342.0	4903704.0	63836046.0	71156174.0	62180932.0
427	1520274673.41	342.0	9362852.0	67077002.0	73735260.0
428	1520274673.41	342.0	3780426.0	26805056.0	63983208.0	61682504.0
429	1520274673.41	342.0	24461718.0	61309446.0	61464558.0
430	1520274673.41	342.0	482.0	52812188.0	75614524.0	63658064.0
431	1520274673.41	342.0	2989708.0	60810598.0	68808340.0	69574576.0
432	1520274673.45	342.0	19867422.0	58838138.0	60285102.0	24852298.0	18630634.0
433	1520274673.47	342.0	1668370.0	53155086.0	61683370.0	64426046.0
434	1520274673.48	342.0	6218902.0	55624202.0	54390974.0	61662526.0
435	1520274673.48	342.0	384.0	52152112.0	71148442.0	69478898.0
436	1520274673.58	342.0	22476342.0	65923192.0	28672856.0	46189850.0
437	1520274673.58	340.0	2430022.0	64386114.0	62759968.0	64035262.0
438	1520274673.6	342.0	4886176.0	56007978.0	69600806.0	65780400.0
439	1520274673.61	342.0	384.0	42595430.0	64782118.0	65959520.0
440	1520274673.66	342.0	19813680.0	51099048.0	22314700.0	60536222.0
441	1520274673.66	342.0	384.0	48701692.0	68120780.0	66445294.0
442	1520274673.69	342.0	3644864.0	60860286.0	68800802.0
443	1520274673.71	342.0	31057112.0	68276972.0	23057756.0	47936328.0
444	1520274673.73	342.0	1271106.0	54862382.0	66597990.0	66426970.0
445	1520274673.76	342.0	2421152.0	55251788.0	64395390.0	63895078.0
446	1520274673.77	342.0	384.0	29101462.0	59491778.0	61388548.0
447	1520274673.78	342.0	677612.0	58400678.0	65722170.0	67038996.0
448	1520274673.78	342.0	5006984.0	57681086.0	69235768.0	69336974.0
449	1520274673.82	342.0	342.0	46416518.0	62955500.0	55865480.0
450	1520274673.9	340.0	340.0	37385004.0	56312526.0	65992028.0
451	1520274673.93	342.0	4659152.0	24544098.0	65792652.0	65112244.0
452	1520274673.95	342.0	4598732.0	48279646.0	61791314.0	63905926.0
453	1520274673.97	342.0	856.0	53251580.0	64616084.0	48683434.0
454	1520274673.99	342.0	898.0	45680634.0	68873856.0	66317648.0
455	1520274674.05	342.0	482.0	49200008.0	63541932.0	63755796.0
456	1520274674.18	342.0	4915040.0	70620586.0	73128492.0
457	1520274674.21	342.0	342.0	21145160.0	66581178.0	67748756.0
458	1520274674.21	342.0	31612106.0	68707366.0	72640424.0
459	1520274674.22	342.0	24705508.0	53774666.0	60823944.0	1223364.0	36658562.0
460	1520274674.31	342.0	342.0	6772496.0	64176312.0	65217508.0	66102082.0
461	1520274674.33	340.0	25179120.0	61089400.0	5498254.0	60593784.0
462	1520274674.35	342.0	342.0	28808414.0	62552922.0	65771400.0
463	1520274674.36	342.0	4955310.0	65770914.0	68166928.0
464	1520274674.4	342.0	1126.0	34770270.0	69192208.0	66766902.0
465	1520274674.48	342.0	33235950.0	71945748.0	58666646.0	342.0	32664366.0
466	1520274674.52	342.0	8124630.0	65657898.0	66922740.0
467	1520274674.53	342.0	342.0	17220710.0	66043374.0	67553896.0
468	1520274674.56	342.0	1693120.0	65504588.0	67266446.0	66665932.0
469	1520274674.56	342.0	860.0	53273966.0	57113592.0	61062246.0
470	1520274674.66	342.0	33766784.0	58684282.0	73882892.0
471	1520274674.87	342.0	524.0	58970210.0	70701798.0	48409408.0
472	1520274674.92	342.0	2740840.0	27086590.0	67229732.0	66757450.0
473	1520274674.93	340.0	858.0	57773762.0	56399432.0	67311492.0
474	1520274674.95	340.0	480.0	50766442.0	66544914.0	66494878.0
475	1520274675.02	342.0	2521458.0	36338796.0	63322762.0	67238740.0
476	1520274675.16	340.0	6944802.0	53516982.0	69893484.0	65243100.0
477	1520274675.29	342.0	4636546.0	51245856.0	67973306.0	66265752.0
478	1520274675.39	342.0	1088.0	59888058.0	66094650.0	67124734.0
479	1520274675.43	342.0	384.0	43644046.0	73054520.0	71902808.0
480	1520274675.45	342.0	524.0	45815800.0	65817096.0	65503810.0
481	1520274675.51	342.0	2980618.0	28208862.0	69768154.0	66752806.0
482	1520274675.53	342.0	342.0	36629158.0	65535724.0	66267812.0
483	1520274675.66	342.0	482.0	22029136.0	69288714.0	68061648.0
484	1520274675.7	340.0	382.0	1254336.0	61952644.0	67410446.0	66490200.0
485	1520274675.79	342.0	848396.0	33765284.0	69619136.0	67395094.0
486	1520274675.81	342.0	33206812.0	72197972.0	63721100.0	31963962.0	882.0
487	1520274676.02	340.0	26114152.0	62517000.0	64308562.0	14126836.0	26199266.0
488	1520274676.08	342.0	1092.0	54053164.0	58792262.0	41414996.0
489	1520274676.18	342.0	342.0	40361912.0	60752902.0	48118868.0
490	1520274676.4	342.0	524.0	54027230.0	66682220.0	64498004.0
491	1520274676.44	342.0	21145810.0	53777790.0	21940812.0	56410790.0
492	1520274676.51	342.0	8913218.0	13811236.0	50195602.0	51112994.0	52914280.0
493	1520274676.58	342.0	2501534.0	52497292.0	65933804.0	65415826.0
494	1520274677.05	342.0	384.0	21358026.0	53258118.0	53076958.0	51905568.0
495	1520274677.2	342.0	418572.0	54298428.0	59933482.0	57141102.0
496	1520274677.42	342.0	384.0	342.0	21306266.0	63184316.0	63809162.0	59874140.0
497	1520274678.48	342.0	384.0	31523584.0	49217800.0	50556950.0	49018230.0
498	1520274680.97	342.0	829618.0	23918442.0	33116488.0	29122786.0	34161318.0	18922206.0	18810448.0	33317342.0
499	1520274684.46	342.0	37271416.0	73120940.0	69094836.0	342.0	14718140.0
