0	1520275123.29	331.0	41329628.0	83317776.0	72521930.0
1	1520275123.45	331.0	43732128.0	85229272.0	71967730.0
2	1520275123.46	330.0	44214984.0	86182096.0	71397328.0
3	1520275123.51	331.0	44817900.0	83855510.0	67481312.0
4	1520275123.59	331.0	37800728.0	81239012.0	68809498.0
5	1520275123.94	330.0	36236168.0	74225072.0	68814856.0
6	1520275124.02	331.0	34522728.0	75418232.0	68079770.0
7	1520275124.03	331.0	31326480.0	74193128.0	67644490.0
8	1520275124.1	331.0	32745980.0	73659734.0	67176536.0
9	1520275124.1	330.0	33250138.0	78473142.0	69088724.0
10	1520275124.11	331.0	42373444.0	83053130.0	66342752.0
11	1520275124.18	331.0	42658606.0	82258506.0	66427510.0
12	1520275124.2	331.0	39440848.0	80564858.0	66471368.0
13	1520275124.21	331.0	41973956.0	80107146.0	65632906.0
14	1520275124.22	331.0	41665456.0	80915330.0	67269840.0
15	1520275124.24	331.0	32118274.0	73475874.0	64142768.0
16	1520275124.39	331.0	34764462.0	75407280.0	67168210.0
17	1520275124.45	331.0	37453280.0	76703496.0	65645076.0
18	1520275124.46	331.0	40732272.0	78689226.0	64906070.0
19	1520275124.49	331.0	41387608.0	79204642.0	68053388.0
20	1520275124.49	331.0	30927818.0	72635312.0	66132356.0
21	1520275124.52	331.0	32094408.0	72339882.0	61997732.0
22	1520275124.54	331.0	33537180.0	74795294.0	64385230.0
23	1520275124.54	331.0	34126852.0	72350992.0	64474262.0
24	1520275124.57	330.0	39139146.0	73690744.0	65360654.0
25	1520275124.59	331.0	38940356.0	73162446.0	62296280.0
26	1520275124.65	331.0	33128398.0	73558880.0	62517310.0
27	1520275124.7	331.0	34405460.0	71573898.0	66632610.0
28	1520275124.83	331.0	31835862.0	70275918.0	61162990.0
29	1520275124.98	331.0	24776948.0	67403844.0	60055912.0	53865830.0
30	1520275125.0	331.0	33148970.0	70254616.0	60000022.0
31	1520275125.09	331.0	32808692.0	70092290.0	61238850.0
32	1520275125.18	331.0	42660230.0	72380234.0	67690092.0
33	1520275125.2	331.0	44744408.0	71610272.0	72521844.0
34	1520275125.21	331.0	38003964.0	70995162.0	67139516.0
35	1520275125.24	331.0	32297240.0	68444540.0	63743066.0
36	1520275125.24	331.0	41484796.0	69969108.0	65643312.0
37	1520275125.24	331.0	36155992.0	75157176.0	52083696.0	578.0
38	1520275125.26	331.0	39538128.0	71162950.0	69028036.0
39	1520275125.28	331.0	31159018.0	66904508.0	60736996.0
40	1520275125.28	331.0	41818660.0	70414208.0	65434240.0
41	1520275125.34	331.0	39375964.0	73603734.0	68362144.0
42	1520275125.45	331.0	31020872.0	64594290.0	58665074.0
43	1520275125.45	331.0	35679678.0	68756936.0	62671884.0
44	1520275125.45	331.0	26975374.0	63654648.0	62547002.0
45	1520275125.47	331.0	38286968.0	68549824.0	67339470.0
46	1520275125.58	331.0	32854560.0	66626864.0	65831548.0
47	1520275125.6	331.0	28978514.0	66591974.0	62670932.0
48	1520275125.62	331.0	29438646.0	64760366.0	62269404.0
49	1520275125.63	331.0	43144056.0	66590780.0	66700734.0
50	1520275125.64	331.0	41327304.0	68602996.0	71914326.0
51	1520275125.67	331.0	31337812.0	15696674.0	17779154.0	61665692.0	64887888.0
52	1520275125.72	331.0	33725130.0	66414124.0	71083430.0
53	1520275125.72	331.0	32060412.0	64528248.0	63297474.0
54	1520275125.73	331.0	35770808.0	63424776.0	66172672.0
55	1520275125.75	331.0	34076808.0	65283556.0	67032078.0
56	1520275125.77	331.0	32409662.0	62120694.0	63169992.0
57	1520275125.8	331.0	34632750.0	65714564.0	70002946.0
58	1520275125.8	331.0	33264394.0	76029376.0	40299832.0	578.0
59	1520275125.82	331.0	40350230.0	77812996.0	67696464.0	18021318.0
60	1520275125.84	331.0	40581382.0	47149356.0	578.0	59390774.0
61	1520275125.88	331.0	31169206.0	64521436.0	61182452.0
62	1520275125.88	331.0	36866654.0	58975608.0	578.0	46501666.0	63574732.0
63	1520275125.9	331.0	31069766.0	1721290.0	29485126.0	59891068.0	62296304.0
64	1520275125.93	331.0	41284214.0	59247384.0	578.0	50965102.0
65	1520275125.95	331.0	29395526.0	62358996.0	65780940.0
66	1520275125.95	331.0	35063162.0	66747242.0	71688202.0
67	1520275126.02	331.0	32556446.0	61669518.0	64469746.0
68	1520275126.08	331.0	33612258.0	65893606.0	70100060.0
69	1520275126.1	331.0	20718020.0	54431338.0	52231364.0	56543522.0
70	1520275126.1	331.0	35294190.0	66792880.0	71168988.0
71	1520275126.12	331.0	29311694.0	60951274.0	62292602.0
72	1520275126.14	331.0	33702788.0	66856914.0	73012970.0
73	1520275126.14	331.0	31995630.0	63625490.0	71614938.0
74	1520275126.15	331.0	31836250.0	66350464.0	70008634.0
75	1520275126.16	331.0	35674330.0	66898116.0	70159726.0
76	1520275126.18	331.0	26317252.0	58746580.0	62566074.0
77	1520275126.2	331.0	33004744.0	65979910.0	71987354.0
78	1520275126.23	331.0	31200820.0	63447856.0	69092524.0
79	1520275126.24	331.0	34749332.0	68567836.0	75100818.0
80	1520275126.26	331.0	32268742.0	66479184.0	73608778.0
81	1520275126.28	331.0	29609624.0	64836152.0	67818358.0
82	1520275126.29	331.0	35735260.0	69923836.0	73755480.0
83	1520275126.29	331.0	26646072.0	578.0	34924132.0	64902142.0	65891766.0
84	1520275126.3	331.0	33497462.0	63547850.0	72361662.0
85	1520275126.32	331.0	33774158.0	64402400.0	68648172.0
86	1520275126.33	331.0	11218992.0	51305516.0	47618808.0	48562028.0	45634434.0
87	1520275126.33	331.0	32475050.0	59760712.0	64133714.0
88	1520275126.34	330.0	26335182.0	60104834.0	65321608.0
89	1520275126.34	331.0	31340056.0	61713924.0	66082204.0
90	1520275126.38	331.0	28222914.0	60272374.0	65584340.0
91	1520275126.45	331.0	27792578.0	59812458.0	65659018.0
92	1520275126.48	331.0	39649018.0	57087670.0	578.0	53289184.0
93	1520275126.48	331.0	27664316.0	60385288.0	64213098.0
94	1520275126.48	331.0	26994554.0	61530988.0	67336178.0
95	1520275126.48	331.0	28434944.0	59674164.0	66422284.0
96	1520275126.49	331.0	26634000.0	59850744.0	67817486.0
97	1520275126.51	331.0	27738856.0	59658066.0	68340186.0
98	1520275126.57	331.0	31226304.0	69206646.0	75453854.0
99	1520275126.59	331.0	31014082.0	67694068.0	73203190.0
100	1520275126.66	331.0	33645970.0	67496448.0	44065526.0	578.0	51608180.0
101	1520275126.72	331.0	39932560.0	68518878.0	1320336.0	36384724.0
102	1520275126.72	331.0	32290020.0	13355958.0	18451992.0	64588864.0	69380042.0
103	1520275126.75	331.0	31469918.0	66694594.0	61202680.0	29928444.0	1130604.0
104	1520275126.75	330.0	28229944.0	64155702.0	70955990.0
105	1520275126.8	331.0	33234828.0	69806488.0	74189818.0
106	1520275127.03	331.0	31103610.0	67896154.0	75819226.0
107	1520275127.23	330.0	29475186.0	68022454.0	77006952.0
108	1520275127.33	330.0	29900802.0	66993914.0	71842724.0
109	1520275127.36	331.0	33318790.0	1534874.0	26617462.0	46013776.0	578.0	59308540.0
110	1520275127.38	331.0	30365080.0	61860586.0	63040738.0	13605132.0	19662870.0
111	1520275127.42	331.0	36989266.0	64443792.0	5378794.0	31756676.0
112	1520275127.43	331.0	32366786.0	58898732.0	63684250.0	46744018.0	620.0
113	1520275127.44	331.0	28613160.0	66680926.0	74996118.0
114	1520275127.46	331.0	11126540.0	578.0	24496912.0	578.0	62038822.0	72754522.0
115	1520275127.47	330.0	28174904.0	68269260.0	72416430.0
116	1520275127.5	330.0	19109310.0	576.0	5284650.0	4793322.0	68891238.0	74674246.0
117	1520275127.56	331.0	32048094.0	21126926.0	12241228.0	46371476.0	578.0	54778472.0
118	1520275127.59	331.0	35676552.0	80277732.0	78605554.0
119	1520275127.59	331.0	33006802.0	72699866.0	7674350.0	25492896.0	64144764.0	186488.0
120	1520275127.6	330.0	19743790.0	576.0	41906486.0	76199846.0
121	1520275127.62	331.0	22890802.0	578.0	39357428.0	71941712.0	68194694.0
122	1520275127.72	331.0	17608254.0	54326970.0	61080278.0	59112820.0
123	1520275127.72	331.0	32654120.0	61027186.0	33397276.0	578.0	67268304.0
124	1520275127.89	331.0	20294172.0	66818288.0	68538084.0
125	1520275127.9	331.0	32077986.0	70832588.0	73182994.0
126	1520275127.92	331.0	36193654.0	79631272.0	77379964.0
127	1520275127.94	331.0	28588612.0	66495478.0	69893544.0
128	1520275127.94	331.0	32157136.0	14114832.0	18874770.0	64808254.0	20331838.0	13196612.0
129	1520275128.03	331.0	30978896.0	74975822.0	72136226.0
130	1520275128.23	331.0	37366790.0	79668688.0	75137094.0
131	1520275128.25	331.0	24968174.0	23220216.0	7129156.0	73259226.0	69565944.0
132	1520275128.35	331.0	2156938.0	578.0	58973428.0	28410460.0	4864704.0	71465058.0
133	1520275128.36	331.0	27776318.0	62721700.0	12533986.0	24684082.0	71327936.0
134	1520275128.43	331.0	35687266.0	74252700.0	74417428.0
135	1520275128.44	331.0	20121584.0	56449260.0	61434120.0	9012750.0	22869090.0
136	1520275128.52	331.0	38676204.0	79028780.0	75610850.0
137	1520275128.53	331.0	30508448.0	65194484.0	39384512.0	578.0	63860626.0
138	1520275128.59	331.0	27470442.0	15843016.0	18034014.0	73089224.0	53905844.0
139	1520275128.6	331.0	17017270.0	578.0	42923590.0	68086948.0	40087564.0	578.0
140	1520275128.65	331.0	15744750.0	53082248.0	52028384.0	19898224.0	9101552.0
141	1520275128.66	331.0	17822014.0	65876778.0	66660936.0
142	1520275128.69	331.0	32482754.0	58655830.0	578.0	7109790.0	578.0	66262024.0
143	1520275128.7	331.0	33075670.0	39977408.0	578.0	4611828.0	20186968.0	73186144.0
144	1520275128.77	331.0	25206250.0	74333914.0	73353366.0
145	1520275128.78	331.0	42190660.0	83426242.0	77379600.0
146	1520275128.86	331.0	29591002.0	42213358.0	578.0	59495152.0	72397464.0
147	1520275128.87	331.0	29480540.0	66509972.0	10424304.0	22884770.0	69409044.0
148	1520275128.88	331.0	35980570.0	78931684.0	75571600.0
149	1520275128.92	331.0	44046348.0	81098018.0	80757322.0
150	1520275128.95	330.0	33487296.0	75311340.0	72274826.0
151	1520275129.12	331.0	32845162.0	74075774.0	73062634.0
152	1520275129.14	330.0	34114888.0	72623654.0	73178784.0
153	1520275129.15	331.0	34469072.0	78067532.0	78521316.0
154	1520275129.16	331.0	40059376.0	75286834.0	75174156.0
155	1520275129.19	331.0	35784586.0	72744806.0	73833446.0
156	1520275129.19	331.0	32021442.0	75228742.0	72082130.0
157	1520275129.21	331.0	34172076.0	73283070.0	72252846.0
158	1520275129.23	331.0	45230084.0	81387598.0	75971402.0
159	1520275129.26	331.0	30651266.0	73129518.0	75472826.0
160	1520275129.34	331.0	29405356.0	74120348.0	75513656.0
161	1520275129.34	331.0	41954796.0	83955116.0	78117458.0
162	1520275129.36	331.0	26992416.0	61389542.0	63302524.0	30750050.0	2893166.0	6967544.0
163	1520275129.4	331.0	24504584.0	578.0	30400334.0	59630122.0	49901472.0	620.0	19953790.0	578.0
164	1520275129.43	331.0	40076890.0	82044560.0	78466480.0
165	1520275129.45	331.0	28411082.0	578.0	18117642.0	578.0	54825072.0	71968572.0
166	1520275129.5	331.0	38317874.0	78349084.0	76231100.0
167	1520275129.56	331.0	40332582.0	77203958.0	76001066.0
168	1520275129.59	331.0	16721280.0	578.0	29553072.0	55696744.0	578.0	37028142.0	60955034.0
169	1520275129.61	331.0	38946888.0	6157042.0	18404984.0	578.0	63976.0	12331574.0	50650560.0	578.0	65350256.0
170	1520275129.62	331.0	25827756.0	15632766.0	13412522.0	578.0	41595414.0	74800308.0
171	1520275129.65	331.0	35411704.0	74486824.0	76104548.0
172	1520275129.67	331.0	38226280.0	75115470.0	75651366.0
173	1520275129.75	330.0	32363760.0	75132172.0	76010780.0
174	1520275129.84	331.0	32695688.0	76942400.0	79021518.0
175	1520275129.85	331.0	24706378.0	63399804.0	65435606.0
176	1520275129.98	331.0	31512518.0	70954386.0	56166936.0
177	1520275130.01	331.0	33135570.0	73558420.0	76016996.0
178	1520275130.02	331.0	32574586.0	63616136.0	13712360.0	12293004.0	578.0	2125816.0	4707902.0	71524360.0
179	1520275130.05	331.0	39156582.0	78718402.0	75380332.0
180	1520275130.15	331.0	37396554.0	77336076.0	75552464.0
181	1520275130.17	331.0	33441696.0	78736668.0	77894010.0
182	1520275130.36	331.0	35216844.0	72212342.0	73891784.0
183	1520275130.37	331.0	32910784.0	72197696.0	73564970.0
184	1520275130.38	331.0	31020608.0	71917776.0	75661022.0
185	1520275130.51	331.0	38584180.0	84314100.0	79886892.0
186	1520275130.53	331.0	9677428.0	578.0	58052570.0	69049550.0	578.0	44723992.0
187	1520275130.56	331.0	40975422.0	80400492.0	79981650.0
188	1520275130.63	331.0	36743836.0	82847806.0	79136030.0
189	1520275130.68	331.0	39414930.0	86055254.0	81086390.0
190	1520275130.69	331.0	32136378.0	74533430.0	73538482.0
191	1520275130.71	331.0	32354264.0	71360770.0	22606320.0	14810926.0
192	1520275130.72	331.0	39454586.0	83791838.0	82254580.0
193	1520275130.73	331.0	27459896.0	43139880.0	578.0	38613672.0	620.0	5749246.0	12134758.0	76173596.0
194	1520275130.78	331.0	33603094.0	13807066.0	22330136.0	78132448.0
195	1520275130.8	331.0	30269112.0	71628696.0	49458112.0	578.0
196	1520275130.86	331.0	22037970.0	63896434.0	66547076.0
197	1520275130.97	331.0	32365564.0	75263660.0	75139962.0
198	1520275131.05	331.0	41122188.0	84051978.0
199	1520275131.09	331.0	41391954.0	81911420.0	74423224.0
200	1520275131.09	331.0	40045954.0	81954220.0	76224222.0
201	1520275131.1	331.0	27656524.0	69746650.0	70704066.0
202	1520275131.2	331.0	18455922.0	60980574.0	62666842.0	191066.0	30797786.0
203	1520275131.25	330.0	31609866.0	74241236.0	46885006.0	576.0
204	1520275131.26	331.0	877734.0	578.0	49065954.0	30086064.0	578.0	61505458.0	59551356.0
205	1520275131.39	331.0	29578008.0	578.0	42911940.0	74594662.0	59838342.0	620.0
206	1520275131.46	331.0	34072194.0	76827840.0	76040680.0
207	1520275131.71	331.0	19871560.0	62301794.0	13562202.0	19666094.0	65018312.0
208	1520275131.78	331.0	43077386.0	86948416.0	80879542.0
209	1520275131.9	331.0	29010912.0	37374146.0	578.0	78531866.0
210	1520275132.03	331.0	32858210.0	27792316.0	6944506.0	63725564.0	4895864.0	5735880.0	578.0	51253190.0	578.0	49650.0	10403626.0
211	1520275132.06	331.0	38884980.0	71518796.0	578.0	49791812.0
212	1520275132.43	331.0	25061052.0	73372480.0	72168724.0
213	1520275132.53	331.0	37490962.0	10902014.0	24452320.0	34472424.0	3760514.0	78846140.0
214	1520275132.67	331.0	29905828.0	70722872.0	30000798.0	8310986.0	27280242.0	11325510.0
215	1520275133.25	331.0	2079198.0	85499526.0	86006546.0
216	1520275133.85	331.0	1175624.0	578.0	71105046.0	78720286.0	28213904.0	7797992.0
217	1520275134.15	331.0	11639782.0	86697566.0	80727484.0
218	1520275134.18	331.0	12048688.0	88100902.0	81023448.0
219	1520275134.26	331.0	7739964.0	85814518.0	81449150.0
220	1520275134.26	330.0	10775168.0	87804246.0	84373746.0
221	1520275134.3	331.0	10434320.0	87296438.0	83759298.0
222	1520275134.44	331.0	8281358.0	84375298.0	78451326.0
223	1520275134.57	331.0	12649218.0	84162954.0	78157580.0
224	1520275134.73	331.0	15534350.0	83735420.0	77728216.0
225	1520275134.84	331.0	4577702.0	81052790.0	78036108.0
226	1520275134.86	331.0	1474.0	72528194.0	74278838.0
227	1520275134.88	331.0	578.0	60330434.0	72688486.0	67658962.0
228	1520275134.9	331.0	27243672.0	578.0	508352.0	5384488.0	25470108.0	10706724.0	75111406.0
229	1520275135.05	331.0	8571304.0	83192982.0	76710754.0
230	1520275135.06	331.0	7465152.0	578.0	19215394.0	8295166.0	77174224.0	35542808.0	4817396.0	11345176.0	20079500.0
231	1520275135.06	331.0	8822030.0	81609328.0	75155756.0
232	1520275135.13	331.0	1412.0	71473298.0	74068578.0
233	1520275135.15	331.0	10059180.0	85501810.0	78497938.0
234	1520275135.29	331.0	7600514.0	82941634.0	77858046.0
235	1520275135.31	331.0	14846556.0	83166156.0	75651780.0
236	1520275135.32	331.0	4766764.0	71708214.0	69950444.0
237	1520275135.32	331.0	4994802.0	73870422.0	72661286.0
238	1520275135.39	331.0	578.0	60267704.0	78406800.0	69012630.0
239	1520275135.44	331.0	12084668.0	81922100.0	76322820.0
240	1520275135.53	331.0	16436334.0	80282578.0	73023648.0
241	1520275135.6	331.0	652.0	67530512.0	77878886.0
242	1520275135.67	331.0	7552832.0	76826646.0	74388320.0
243	1520275135.71	331.0	16191918.0	79947822.0	75191228.0
244	1520275135.71	331.0	1176.0	71571526.0	73629184.0
245	1520275135.74	331.0	859116.0	578.0	307154.0	578.0	75298874.0	39906592.0	1144722.0	69754210.0
246	1520275135.87	331.0	3319974.0	68533958.0	70308034.0
247	1520275135.89	331.0	6250842.0	67542388.0	70999374.0
248	1520275135.9	331.0	5829210.0	69816508.0	68211328.0
249	1520275135.9	331.0	10274596.0	74695384.0	71956938.0
250	1520275135.92	331.0	9496092.0	83105302.0	23797274.0	15572284.0	68603366.0
251	1520275135.95	331.0	11990872.0	79357246.0	77033304.0
252	1520275135.96	331.0	3704394.0	65535134.0	68676374.0	67951774.0
253	1520275135.97	331.0	1400.0	66698988.0	67331602.0	61160528.0
254	1520275135.99	331.0	12174330.0	78392168.0	77707282.0
255	1520275136.0	331.0	12778896.0	78069494.0	78315248.0
256	1520275136.07	331.0	10345558.0	78801588.0	76362860.0
257	1520275136.08	331.0	10839554.0	76751648.0	74580160.0
258	1520275136.08	331.0	7449762.0	68705676.0	67781102.0
259	1520275136.11	331.0	13701248.0	73038248.0	73792480.0
260	1520275136.14	331.0	14166210.0	76055550.0	74884288.0
261	1520275136.23	331.0	2786486.0	68617616.0	68455658.0	69740704.0
262	1520275136.25	331.0	829450.0	67625298.0	67758780.0	67910334.0
263	1520275136.27	331.0	9047332.0	76573122.0	75212628.0
264	1520275136.32	331.0	13341708.0	76106214.0	78046984.0
265	1520275136.33	331.0	1406.0	67594686.0	70931922.0
266	1520275136.4	331.0	33083908.0	28531434.0	8740812.0	10486802.0	27003502.0	44226032.0	578.0
267	1520275136.48	331.0	7075444.0	73254458.0	76225644.0
268	1520275136.53	331.0	5764634.0	70347254.0	74133828.0
269	1520275136.53	331.0	849082.0	68519682.0	70269636.0
270	1520275136.57	331.0	1412.0	71421786.0	78012996.0
271	1520275136.6	331.0	13300028.0	76706178.0	79690446.0
272	1520275136.64	330.0	5895144.0	65493876.0	69459386.0
273	1520275136.74	331.0	2405298.0	60173622.0	63523886.0	64820500.0
274	1520275136.83	331.0	1658508.0	65186500.0	71498740.0
275	1520275136.91	331.0	1176.0	69951974.0	55541788.0	578.0	53019880.0
276	1520275136.93	288.0	40481382.0	76196016.0	79380244.0
277	1520275136.95	331.0	1680504.0	578.0	29036792.0	10506688.0	20556058.0	620.0	123306.0	578.0	578.0	578.0	2411444.0	36113618.0	2593836.0	35167358.0	578.0	67211892.0
278	1520275136.97	331.0	31521856.0	34213922.0	3317886.0	21545946.0	14051522.0	620.0	657438.0	2330006.0	18265536.0	15470408.0
279	1520275137.0	289.0	37357782.0	73072136.0	76972992.0
280	1520275137.06	331.0	5379972.0	65187602.0	70954272.0
281	1520275137.07	331.0	8735284.0	75417704.0	79356574.0
282	1520275137.13	331.0	4594206.0	70608746.0	71823224.0	21668826.0	11659684.0
283	1520275137.14	331.0	1170.0	64208322.0	72315330.0
284	1520275137.15	331.0	578.0	39089218.0	65678048.0	67713958.0
285	1520275137.21	331.0	5680706.0	69926378.0	72117146.0
286	1520275137.24	331.0	6261744.0	70526286.0	23163182.0	11058612.0	72355090.0
287	1520275137.27	330.0	650.0	57849762.0	71076178.0	69953700.0
288	1520275137.27	331.0	3349302.0	66515288.0	69801846.0
289	1520275137.27	331.0	7883456.0	66329806.0	70042074.0
290	1520275137.33	331.0	3765158.0	52349350.0	578.0	55983564.0	75523590.0
291	1520275137.36	331.0	3740708.0	64020058.0	73990980.0
292	1520275137.42	331.0	16471042.0	74249252.0	75499444.0
293	1520275137.44	289.0	36587200.0	77317178.0	76067486.0
294	1520275137.5	331.0	7150306.0	68122876.0	68442642.0	61507260.0	578.0
295	1520275137.5	331.0	1996512.0	69831502.0	45639218.0	578.0	65027900.0
296	1520275137.54	330.0	7062878.0	68023624.0	68052044.0	32067388.0	3809762.0
297	1520275137.62	331.0	5712546.0	68777994.0	78412388.0
298	1520275137.7	331.0	1406.0	58954550.0	64668510.0	63683638.0
299	1520275137.71	331.0	6007234.0	67941930.0	67785642.0	58345880.0	578.0
300	1520275137.73	331.0	6064614.0	68179830.0	69101286.0	13655668.0	21368942.0
301	1520275137.77	331.0	6210302.0	68434820.0	58465356.0	578.0	48863712.0
302	1520275137.81	331.0	10552886.0	79613622.0	578.0	23108490.0	578.0	58310442.0
303	1520275137.81	331.0	652.0	54571712.0	64886404.0	66112172.0
304	1520275137.83	331.0	9523056.0	80802776.0	83032218.0
305	1520275137.85	331.0	5337304.0	69014020.0	33496476.0	1848998.0	75194224.0
306	1520275137.86	331.0	578.0	43488630.0	73980560.0	73538190.0
307	1520275137.93	330.0	4973612.0	67747996.0	67720348.0	48902220.0	576.0
308	1520275137.96	331.0	5418768.0	68991974.0	71768460.0
309	1520275138.03	289.0	45349634.0	86273844.0
310	1520275138.05	331.0	6254060.0	2773428.0	29738770.0	72210474.0	71011748.0
311	1520275138.08	331.0	578.0	54439406.0	69629880.0	63315438.0	578.0
312	1520275138.13	331.0	4949610.0	66200836.0	70103222.0	10338628.0	24722102.0
313	1520275138.16	289.0	35936516.0	78895482.0	75717924.0
314	1520275138.21	331.0	4501850.0	64132324.0	67289000.0	2435816.0	33306620.0
315	1520275138.35	331.0	652.0	71820100.0	81863126.0
316	1520275138.4	331.0	2083298.0	67562826.0	68851104.0	21170426.0	1113504.0	620.0
317	1520275138.43	289.0	27407092.0	71988122.0	73578328.0
318	1520275138.44	289.0	39089866.0	82355998.0	76359454.0
319	1520275138.49	331.0	95168.0	10245972.0	20962564.0	72276024.0	74047780.0
320	1520275138.5	331.0	3721854.0	50253666.0	578.0	52843926.0	72954614.0
321	1520275138.54	331.0	652.0	58829696.0	5844086.0	30839350.0	74773178.0
322	1520275138.55	331.0	4546164.0	17811318.0	14400714.0	71798658.0	74442034.0
323	1520275138.69	330.0	1776672.0	576.0	18490172.0	576.0	57762200.0	75460670.0
324	1520275138.73	331.0	3341742.0	14581690.0	17242646.0	70256452.0	37662036.0	620.0
325	1520275138.8	289.0	29995008.0	73434766.0	73349290.0
326	1520275138.83	289.0	37824228.0	79771948.0	78209602.0
327	1520275138.86	331.0	12755820.0	78996386.0	80354218.0
328	1520275138.87	331.0	15891134.0	78616612.0	78324644.0
329	1520275138.99	331.0	5020352.0	63252614.0	75059536.0	41720.0	36070874.0
330	1520275139.01	331.0	578.0	55857798.0	83339204.0
331	1520275139.02	289.0	41799786.0	77702396.0	76745884.0
332	1520275139.04	331.0	578.0	578.0	578.0	56869774.0	81176490.0
333	1520275139.1	331.0	6474758.0	67777842.0	57164610.0	578.0	53908098.0
334	1520275139.15	331.0	1176.0	64399462.0	74219000.0	29257048.0	4432990.0
335	1520275139.19	289.0	36566288.0	82011476.0	77414020.0
336	1520275139.22	331.0	3349532.0	73788310.0	20739666.0	44402.0	578.0	6072826.0	11059002.0	72393170.0
337	1520275139.26	289.0	36103972.0	76502064.0	72746474.0
338	1520275139.27	289.0	41431760.0	82018456.0	76334474.0
339	1520275139.33	289.0	41400216.0	77651362.0	74860620.0
340	1520275139.43	331.0	5852254.0	20604784.0	11378144.0	73481440.0	39411766.0	620.0
341	1520275139.44	331.0	1170.0	62810870.0	12476732.0	23965532.0	74809408.0
342	1520275139.55	331.0	1241904.0	78022114.0	79625916.0
343	1520275139.71	331.0	1176.0	67538152.0	75673648.0	12711188.0	22771554.0
344	1520275139.73	289.0	35584880.0	78274568.0	76186744.0
345	1520275139.86	289.0	36102260.0	80651540.0	79417618.0
346	1520275139.89	331.0	10733708.0	79274216.0	81821204.0
347	1520275139.9	289.0	40161164.0	76628476.0	79073128.0
348	1520275139.91	289.0	32816366.0	73556644.0	76834320.0
349	1520275139.95	331.0	578.0	54047542.0	1694790.0	35156888.0	75662528.0
350	1520275139.97	289.0	31770710.0	73264544.0	72486312.0
351	1520275139.98	331.0	1176.0	64034644.0	45081700.0	578.0	60801240.0
352	1520275139.99	331.0	578.0	578.0	1170.0	60806024.0	72223744.0
353	1520275140.13	331.0	3953818.0	64244634.0	70733236.0	8173916.0	24755158.0	12667706.0	24238024.0
354	1520275140.13	289.0	40152192.0	78604742.0	77256212.0
355	1520275140.13	289.0	33052152.0	73500288.0	73237462.0
356	1520275140.14	331.0	652.0	27722592.0	1082444.0	57551192.0	578.0	53061280.0	74577406.0
357	1520275140.14	331.0	12547476.0	82064130.0	85152252.0
358	1520275140.15	330.0	576.0	30647262.0	78792770.0	82349790.0
359	1520275140.16	331.0	2379962.0	69854386.0	1809424.0	37329196.0	76222372.0	1392276.0
360	1520275140.24	331.0	652.0	48937932.0	301774.0	5532618.0	578.0	66617144.0	71813526.0
361	1520275140.24	331.0	6226008.0	67799214.0	24771552.0	9026828.0	578.0	38731804.0
362	1520275140.27	331.0	6674352.0	61257916.0	578.0	46421838.0	70127774.0	16755266.0	4591964.0	578.0
363	1520275140.32	289.0	29279288.0	74399852.0	36031912.0	578.0
364	1520275140.35	331.0	6993070.0	71204996.0	18003378.0	18930500.0	20287050.0	17449298.0	51902346.0	578.0
365	1520275140.44	289.0	29018088.0	73274560.0	76272504.0
366	1520275140.51	331.0	834824.0	10381782.0	20328140.0	39694378.0	578.0	26857772.0	6304470.0	74338642.0
367	1520275140.53	331.0	5525986.0	73310514.0	61920856.0
368	1520275140.61	289.0	35874200.0	71021980.0	73808882.0
369	1520275140.63	289.0	39251556.0	81824058.0	76670116.0
370	1520275140.64	331.0	4596300.0	66230800.0	578.0	39936366.0	73149300.0	9084726.0
371	1520275140.72	289.0	30368994.0	75036952.0	75415486.0
372	1520275140.74	331.0	11187418.0	77965288.0	77098566.0	34041572.0	224964.0
373	1520275140.75	289.0	42788244.0	82328474.0	80829836.0
374	1520275140.77	289.0	40606066.0	85432566.0	79138738.0
375	1520275140.92	331.0	652.0	41648006.0	54243026.0	3628508.0	5553372.0	620.0	49023328.0
376	1520275140.94	289.0	27108798.0	73670856.0	74241468.0
377	1520275140.94	289.0	32805316.0	73836220.0	76535966.0
378	1520275140.95	331.0	5019400.0	71980648.0	79157138.0
379	1520275141.13	289.0	31240576.0	14046678.0	22570428.0	77586406.0
380	1520275141.13	331.0	1400.0	72146794.0	78396546.0
381	1520275141.22	331.0	1170.0	60308656.0	50142742.0	578.0	34203566.0	620.0	12444650.0	7383464.0
382	1520275141.26	289.0	36600830.0	72939148.0	77544860.0
383	1520275141.27	289.0	34059664.0	72574744.0	43747570.0	578.0
384	1520275141.78	289.0	33204830.0	73865956.0	75595146.0
385	1520275141.87	331.0	3735544.0	63885612.0	52794614.0	578.0	11370418.0	4098164.0	25365092.0	8176706.0
386	1520275141.88	289.0	38584522.0	72669716.0	578.0	47014844.0
387	1520275141.91	289.0	40722614.0	86669642.0	79924464.0
388	1520275141.95	331.0	652.0	61839460.0	73537542.0	49873728.0	578.0
389	1520275142.09	289.0	30370406.0	73140530.0	8240656.0	30338120.0
390	1520275142.13	289.0	39676680.0	2661920.0	33230802.0	83073838.0
391	1520275142.18	331.0	11696416.0	74676354.0	6860992.0	26869696.0	578.0	43636970.0	30582772.0	10155526.0	11202638.0
392	1520275142.2	331.0	16188552.0	80159376.0	72320558.0	578.0
393	1520275142.27	331.0	652.0	58458694.0	75510936.0	72636378.0
394	1520275142.28	289.0	32412214.0	78657990.0	77800318.0
395	1520275142.38	289.0	39473104.0	83439770.0	20916098.0	21139878.0
396	1520275142.46	289.0	33268926.0	73123310.0	4929596.0	32472642.0
397	1520275142.54	289.0	42855021.0	87085284.0
398	1520275142.69	289.0	27017436.0	70937620.0	70591318.0
399	1520275142.71	331.0	578.0	578.0	34105624.0	75165462.0	72752004.0	14015904.0
400	1520275142.72	289.0	32418870.0	75944968.0	75520534.0
401	1520275142.74	289.0	31512892.0	79034764.0	76287014.0
402	1520275142.77	289.0	31404684.0	75300618.0	74944336.0	12740540.0
403	1520275142.86	289.0	31111970.0	73773652.0	74246586.0
404	1520275142.92	289.0	30667742.0	76893414.0	72650112.0
405	1520275142.98	289.0	44802024.0	85739268.0	76094725.0
406	1520275143.02	289.0	43600900.0	85987936.0
407	1520275143.22	289.0	41716228.0	83596496.0	81872340.0
408	1520275143.33	289.0	36016816.0	70181356.0	578.0	15775332.0	1003.0	67255785.0
409	1520275143.35	289.0	3069064.0	578.0	65032630.0	33459186.0	2908811.0	75242585.0
410	1520275143.59	289.0	29202230.0	11981800.0	24830684.0	9643122.0	26848876.0	77018576.0
411	1520275143.87	331.0	6914814.0	85070386.0	86110188.0
412	1520275144.05	289.0	34494804.0	76038446.0	76382632.0
413	1520275144.2	289.0	31624146.0	73951142.0	71445793.0
414	1520275144.23	289.0	32394036.0	74731080.0	71800808.0
415	1520275144.27	331.0	578.0	20199292.0	74496170.0	79119462.0
416	1520275144.34	289.0	41506142.0	85164304.0	80320945.0
417	1520275144.4	331.0	2909414.0	4640216.0	28752716.0	72470770.0	37365728.0	2134.0	54969916.0	578.0
418	1520275144.41	289.0	28276402.0	73272336.0	74774626.0
419	1520275144.48	289.0	28577400.0	25470396.0	9483330.0	75028320.0	68761264.0
420	1520275144.54	330.0	14938018.0	83002936.0	81438100.0
421	1520275144.56	330.0	9238558.0	77072046.0	36888894.0	1844964.0	618.0	6552724.0	576.0	72722312.0
422	1520275144.66	289.0	34532558.0	77338180.0	61069186.0	578.0
423	1520275144.73	289.0	37137910.0	78101964.0	6306350.0	32976368.0	1833836.0	10371132.0	578.0	39123968.0
424	1520275144.78	289.0	32716816.0	75871878.0	24158086.0	13358103.0	37478644.0	933.0
425	1520275144.99	289.0	29297276.0	50951976.0	578.0	61031564.0	7299788.0	30096892.0
426	1520275145.0	331.0	652.0	18394138.0	9734022.0	40098370.0	578.0	73491998.0	23281398.0	12479174.0
427	1520275145.17	289.0	40116658.0	87405310.0
428	1520275145.23	289.0	40668386.0	82139576.0	81062816.0
429	1520275145.26	289.0	30149362.0	79899958.0	77906424.0
430	1520275145.26	331.0	3317512.0	71777190.0	49113086.0	578.0	62173098.0
431	1520275145.41	331.0	652.0	5607476.0	22286212.0	30330648.0	7372218.0	7046862.0	31161734.0	74557288.0
432	1520275145.57	289.0	16234256.0	578.0	41809648.0	578.0	45758334.0	35603582.0	127380.0
433	1520275145.6	289.0	28635934.0	78094370.0	75167552.0
434	1520275145.7	289.0	42841204.0	88086272.0
435	1520275145.73	289.0	32788574.0	24763932.0	10932486.0	76371650.0
436	1520275145.99	289.0	33254092.0	323330.0	38992620.0	76054556.0
437	1520275146.08	288.0	28157072.0	494860.0	37404014.0	3065928.0	33486755.0	74448641.0
438	1520275146.15	288.0	33215436.0	37177862.0	1095757.0	78750969.0
439	1520275146.21	289.0	41940280.0	64267288.0	79642384.0
440	1520275146.33	288.0	32618830.0	21337195.0	15818127.0	74387124.0
441	1520275146.35	289.0	31936602.0	60421250.0	1428.0	55250254.0
442	1520275146.37	289.0	28582250.0	18828908.0	18893304.0	76229426.0	38703561.0	663.0
443	1520275146.44	289.0	19570668.0	72294450.0	72979310.0
444	1520275146.56	288.0	34906888.0	74789090.0	73861472.0
445	1520275146.58	331.0	5268678.0	74944658.0	81261358.0	50321510.0	578.0
446	1520275146.6	289.0	34397144.0	77400660.0	21267898.0	18783824.0
447	1520275146.94	289.0	31537528.0	1250588.0	34885186.0	75447862.0
448	1520275147.09	289.0	25743284.0	69710800.0	68095534.0
449	1520275147.14	289.0	36627944.0	78376138.0	77247470.0
450	1520275147.5	289.0	15237974.0	60152720.0	63343244.0	58182993.0
451	1520275147.6	289.0	32112510.0	75109358.0	12393182.0	1559204.0	578.0	61979770.0	2642400.0
452	1520275147.69	289.0	41635072.0	83885190.0	76026392.0
453	1520275147.95	331.0	1176.0	64369430.0	63928640.0	578.0	9725648.0	911954.0	67461344.0
454	1520275147.96	289.0	42293188.0	82244799.0	73748716.0
455	1520275147.97	289.0	43064076.0	85989858.0	74242336.0
456	1520275147.97	289.0	31411800.0	74271950.0	45058408.0	1258.0	31571375.0	1095.0	21029430.0
457	1520275148.0	289.0	13864342.0	578.0	10260077.0	3754171.0	73838418.0	75404468.0
458	1520275148.37	289.0	42734860.0	83566890.0	67646994.0
459	1520275148.5	331.0	1170.0	70802046.0	82167108.0
460	1520275148.6	330.0	6276664.0	72532004.0	72046708.0	576.0	39222952.0
461	1520275148.71	289.0	23684712.0	66354148.0	68886202.0	2115576.0	29377435.0
462	1520275148.74	289.0	44452286.0	88003002.0	71166026.0
463	1520275148.81	289.0	42234124.0	85004120.0	75436592.0
464	1520275148.95	331.0	5821288.0	7328200.0	28523640.0	78262908.0	69347640.0
465	1520275148.99	289.0	33521926.0	75862616.0	68668418.0
466	1520275149.33	331.0	8769318.0	75034924.0	82634908.0
467	1520275149.42	289.0	32485596.0	32950340.0	4803470.0	50599760.0	36420506.0	1428.0	20380740.0	1118.0	29528408.0	53526.0
468	1520275149.98	289.0	31618018.0	68782891.0	78728879.0
469	1520275150.23	289.0	16612580.0	54095328.0	62686934.0	61306713.0
470	1520275150.64	289.0	36316862.0	75838754.0	76528832.0
471	1520275150.92	289.0	34918696.0	79831404.0	76765968.0
472	1520275151.2	331.0	12925344.0	88035604.0	85045810.0
473	1520275151.24	289.0	41944898.0	86447374.0
474	1520275151.27	289.0	19004382.0	70054974.0	69092435.0
475	1520275151.31	331.0	578.0	578.0	46384178.0	81399522.0	75758410.0
476	1520275151.78	289.0	43546523.0	88100770.0
477	1520275151.84	289.0	32748026.0	76307226.0	73933838.0
478	1520275152.08	289.0	35753598.0	78859580.0	78199794.0
479	1520275152.67	289.0	42038404.0	82903504.0
480	1520275152.88	289.0	44034338.0	87761064.0
481	1520275153.54	289.0	23280126.0	59397850.0	578.0	7702576.0	9156488.0	76144104.0
482	1520275153.92	289.0	4970860.0	578.0	53407546.0	578.0	59561498.0	30535488.0	8932418.0
483	1520275154.14	331.0	652.0	61828244.0	75662612.0
484	1520275154.51	289.0	15735447.0	64862974.0	65491728.0
485	1520275154.53	289.0	22404212.0	68849486.0	68456394.0
486	1520275154.65	289.0	29808284.0	75733132.0	74247942.0
487	1520275155.25	289.0	27268062.0	578.0	44774568.0	77758064.0
488	1520275155.3	289.0	26840032.0	578.0	47086590.0	77187770.0	3166525.0	34226939.0
489	1520275155.39	289.0	33784538.0	76605032.0	80474696.0	8526882.0
490	1520275156.67	289.0	24400054.0	578.0	42915674.0	4971356.0	31950601.0	53226761.0	632.0
491	1520275157.48	289.0	34876468.0	26802782.0	8569984.0	11602628.0	28710730.0	75518920.0
492	1520275157.67	289.0	36433392.0	78433284.0	74203712.0
493	1520275158.7	289.0	32329250.0	73643036.0	578.0	43665263.0	48270914.0	717.0	7108720.0
494	1520275158.86	289.0	32693732.0	78735128.0	75701654.0
495	1520275162.21	289.0	36508898.0	14724674.0	276790.0	1343.0	25937846.0	1149.0	75507740.0	1195964.0	4147804.0	620.0
496	1520275162.25	289.0	33567772.0	75215668.0	76212668.0
497	1520275163.2	289.0	1602026.0	578.0	85184424.0	49604864.0	663.0	80555963.0
498	1520275167.22	289.0	33736660.0	22499964.0	6254923.0	902.0	33395588.0	663.0	658878.0	11251046.0	74948490.0
