0	1520546493.69	613.0	2891825.0	1734.0	1734.0	1734.0	1734.0	1734.0	1734.0	1451195.0	296179.0
1	1520546493.76	867.0	3693167.0	3757.0	2601.0	3179.0	2890.0	2890.0	2890.0	2890.0	2890.0	3468.0	2890.0	2890.0	460802.0	1624951.0
2	1520546493.79	667.0	3695744.0	1734.0	1734.0	1734.0	1734.0	1734.0	1734.0	702617.0
3	1520546493.79	289.0	4799445.0	1589.0	1879.0	1589.0	2023.0	1734.0	1734.0	1734.0	1734.0	219916.0	1587790.0	8422.0
4	1520546493.85	289.0	2288310.0	1734.0	1734.0	1734.0	1734.0	1734.0	1734.0	1624658.0
5	1520546493.87	289.0	1188843.0	2890.0	2890.0	2890.0	2890.0	2890.0	927044.0
6	1520546493.87	289.0	4127571.0	1734.0	1734.0	1734.0	1734.0	1734.0	1734.0	1408990.0
7	1520546493.92	578.0	2945391.0	1734.0	1445.0	1734.0	2023.0	1445.0	151051.0	1707301.0
8	1520546493.94	289.0	2882324.0	1734.0	1734.0	1734.0	1734.0	1734.0	336536.0	1528185.0
9	1520546493.94	738.0	4249892.0	2304.0	1440.0	1728.0	2016.0	1728.0	608884.0	666712.0
10	1520546494.0	288.0	1353741.0	1728.0	1728.0	1728.0	1728.0	1249376.0
11	1520546494.03	632.0	3027678.0	2023.0	2023.0	1156.0	2312.0	1734.0	1000129.0
12	1520546494.07	289.0	3918195.0	3757.0	2890.0	2890.0	2890.0	2890.0	2890.0	358211.0	1049325.0
13	1520546494.09	289.0	2250733.0	1734.0	1734.0	1734.0	1734.0	1734.0	944483.0	111157.0
14	1520546494.11	289.0	4253168.0	1734.0	1734.0	1734.0	1734.0	1734.0	1734.0	1946932.0
15	1520546494.13	288.0	4104215.0	2880.0	2880.0	2880.0	2880.0	2880.0	2880.0	2880.0	566692.0	1742112.0	22002.0
16	1520546494.16	289.0	2112533.0	3468.0	3468.0	3468.0	3468.0	3468.0	3468.0	3468.0	3468.0	3468.0	3468.0	337172.0	1980028.0
17	1520546494.17	1156.0	3857218.0	3179.0	3324.0	3034.0	3179.0	2890.0	2890.0	2312.0	3468.0	1761801.0
18	1520546494.19	288.0	2564380.0	1728.0	1728.0	1728.0	1728.0	1728.0	1728.0	494394.0	1987500.0
19	1520546494.23	578.0	836702.0	3179.0	2746.0	2745.0	3179.0	2890.0	135422.0	808470.0
20	1520546494.32	289.0	1455571.0	3034.0	2890.0	2601.0	3179.0	1039308.0	346008.0
21	1520546494.34	578.0	1451714.0	3179.0	2890.0	2890.0	2890.0	2890.0	3035.0	895620.0	238038.0	30650.0	2890.0	2890.0
22	1520546494.34	343.0	837850.0	1734.0	1734.0	1734.0	343108.0
23	1520546494.38	289.0	1464280.0	1734.0	1734.0	1734.0	1734.0	1734.0	858460.0
24	1520546494.42	289.0	3190709.0	2890.0	2890.0	2890.0	2890.0	2890.0	2890.0	1621204.0	58746.0
25	1520546494.43	289.0	3536537.0	1734.0	1734.0	1734.0	1734.0	1734.0	245742.0	1750278.0
26	1520546494.43	289.0	2564482.0	3468.0	3468.0	3468.0	3468.0	3468.0	3468.0	3468.0	419578.0	1589948.0
27	1520546494.48	289.0	1416547.0	1734.0	1734.0	1734.0	1734.0	1265958.0
28	1520546494.51	288.0	458094.0	2880.0	2880.0	2880.0	2880.0	305387.0	109137.0
29	1520546494.54	451.0	1139066.0	2312.0	2312.0	2312.0	2312.0	2312.0	1105001.0
30	1520546494.56	289.0	1509358.0	2312.0	2312.0	2312.0	2312.0	712540.0	856460.0
31	1520546494.89	289.0	2361755.0	578.0	578.0	578.0	578.0	1102915.0	418047.0
32	1520546494.96	289.0	1530703.0	578.0	578.0	578.0	578.0	578.0	1197869.0
33	1520546494.98	289.0	2491955.0	578.0	578.0	578.0	578.0	578.0	585135.0
34	1520546495.05	343.0	4770726.0	578.0	578.0	578.0	578.0	578.0	35634.0	1042870.0
35	1520546495.06	289.0	3848849.0	578.0	578.0	578.0	578.0	578.0	316494.0
36	1520546495.07	559.0	2882979.0	578.0	578.0	578.0	578.0	578.0	1162947.0	436225.0
37	1520546495.11	289.0	1890248.0	578.0	578.0	578.0	578.0	1449772.0
38	1520546495.11	289.0	3262769.0	632.0	578.0	578.0	578.0	578.0	754323.0
39	1520546495.12	289.0	1380287.0	578.0	578.0	578.0	803037.0	34438.0
40	1520546495.15	397.0	1168630.0	578.0	578.0	578.0	1292257.0
41	1520546495.22	289.0	664006.0	578.0	578.0	578.0	896004.0
42	1520546495.23	289.0	2098901.0	578.0	578.0	578.0	578.0
43	1520546495.25	504.0	2547252.0	576.0	576.0	576.0	576.0	1055011.0
44	1520546495.27	289.0	1110275.0	578.0	578.0	578.0	578.0	1429239.0
45	1520546495.31	289.0	2172504.0	578.0	578.0	578.0	578.0	290632.0
46	1520546495.38	288.0	570502.0	576.0	576.0	1038177.0
47	1520546495.38	343.0	1064084.0	578.0	578.0	578.0	578.0	822145.0
48	1520546495.38	288.0	2329148.0	576.0	576.0	576.0	576.0	934028.0
49	1520546495.43	343.0	1830773.0	578.0	578.0	578.0	198835.0
50	1520546502.12	289.0	1169952.0	578.0	620.0	578.0	578.0	1307574.0	370006.0	13012.0
51	1520546502.93	289.0	569817.0	578.0	620.0	578.0	461610.0	603534.0
52	1520546503.05	289.0	347284.0	578.0	620.0	578.0	1054771.0	99459.0
53	1520546503.1	288.0	2123692.0	576.0	618.0	576.0	576.0	968256.0
54	1520546503.12	289.0	2895352.0	620.0	578.0	578.0	578.0	578.0	578.0	1714856.0	2315753.0
55	1520546503.26	289.0	662236.0	578.0	620.0	578.0	578.0	1022323.0
56	1520546503.43	289.0	255258.0	620.0	578.0	572392.0	912074.0
57	1520546503.51	289.0	255167.0
58	1520546503.55	289.0	2354637.0	578.0	620.0	578.0	578.0	578.0	1612367.0	605430.0
59	1520546504.28	289.0	5253372.0	578.0	620.0	578.0	578.0	578.0	578.0	578.0	578.0	1110416.0	2044404.0
60	1520546504.36	289.0	1777321.0	578.0	620.0	578.0	578.0	578.0	342104.0	2462702.0
61	1520546504.6	289.0	2952294.0	620.0	578.0	578.0	578.0	118934.0	1427296.0
62	1520546508.72	289.0	827221.0	2312.0	2312.0	2312.0	2312.0	1407704.0
