0	1520391912.31	726.0	330635.0	283878.0	236762.0	166413.0	151662.0	51746.0	43424.0	684.0	684.0	684.0	684.0	684.0	684.0	22206230.0	118156714.0
1	1520391912.34	555.0	897077.0	264052.0	175094.0	119904.0	93001.0	123528.0	142705.0	84528.0	109230.0	113776.0	88845.0	684.0	855.0	684.0	684.0	684.0	684.0	48129094.0	68810344.0
2	1520391912.39	726.0	398144.0	368863.0	276912.0	222817.0	122476.0	77068.0	50726.0	37664.0	846.0	513.0	855.0	684.0	684.0	599.0	769.0	684.0	32579424.0	57283543.0
3	1520391912.4	384.0	405064.0	258527.0	156896.0	126146.0	102656.0	106164.0	131228.0	134441.0	58016.0	128050.0	39005.0	513.0	684.0	684.0	684.0	684.0	684.0	73213694.0
4	1520391912.46	555.0	298551.0	300249.0	277808.0	177763.0	159780.0	70466.0	40170.0	11924.0	684.0	684.0	684.0	684.0	684.0	70736776.0
5	1520391912.51	555.0	770113.0	361485.0	209948.0	177676.0	179937.0	141850.0	100380.0	30390.0	34486.0	684.0	684.0	684.0	684.0	684.0	19435146.0	78653225.0
6	1520391912.51	555.0	400333.0	341770.0	259112.0	208633.0	106615.0	106798.0	35204.0	770.0	769.0	684.0	513.0	855.0	37450418.0
7	1520391912.55	555.0	423971.0	283179.0	239808.0	154350.0	213855.0	133534.0	51870.0	21888.0	684.0	684.0	684.0	684.0	684.0	684.0	100038862.0
8	1520391912.57	726.0	304738.0	391891.0	204536.0	139239.0	150692.0	48868.0	30030.0	18870.0	684.0	684.0	684.0	684.0	684.0	31299754.0	85326376.0
9	1520391912.64	726.0	707743.0	255602.0	174700.0	118728.0	180746.0	176088.0	229785.0	141526.0	33012.0	38424.0	684.0	684.0	684.0	684.0	684.0	9341808.0	83871109.0
10	1520391912.66	384.0	683145.0	288246.0	238382.0	162052.0	159758.0	162591.0	184468.0	105348.0	15700.0	684.0	684.0	684.0	684.0	55829521.0
11	1520391912.69	726.0	688180.0	260212.0	212534.0	184501.0	255959.0	203114.0	84820.0	40182.0	29907.0	855.0	684.0	684.0	684.0	684.0	61779956.0
12	1520391912.76	384.0	325784.0	267117.0	157038.0	96312.0	128154.0	150254.0	119895.0	103730.0	105522.0	103702.0	684.0	684.0	684.0	684.0	684.0	41255830.0
13	1520391912.8	726.0	571894.0	246857.0	166490.0	182568.0	202792.0	244572.0	175142.0	82338.0	27090.0	37468.0	684.0	684.0	684.0	684.0	684.0	68824293.0
14	1520391912.85	384.0	22360.0	209030.0	241946.0	267221.0	258264.0	270322.0	333067.0	168278.0	55530.0	684.0	684.0	684.0	684.0	684.0	684.0	45334227.0	76490011.0
15	1520391912.86	555.0	430837.0	316057.0	195168.0	226661.0	199599.0	155615.0	123394.0	54700.0	29132.0	9538.0	684.0	684.0	599.0	769.0	513.0	855.0	120628035.0	20605512.0
16	1520391913.12	384.0	174418.0	377281.0	265068.0	261918.0	227476.0	200355.0	164600.0	69414.0	50108.0	342.0	342.0	342.0	342.0	342.0	342.0	83713347.0
17	1520391913.15	384.0	220100.0	196895.0	134842.0	107160.0	130228.0	156262.0	151964.0	213858.0	403907.0	152122.0	342.0	342.0	342.0	342.0	342.0	342.0	342.0	27804673.0	114947392.0
18	1520391913.17	384.0	374900.0	226589.0	200910.0	199208.0	217286.0	277982.0	267269.0	126566.0	30848.0	342.0	342.0	342.0	342.0	28087337.0	65232948.0
19	1520391913.19	384.0	190864.0	266207.0	161162.0	144166.0	148780.0	181762.0	246868.0	224849.0	230208.0	57256.0	342.0	342.0	342.0	342.0	342.0	342.0	81203109.0
20	1520391913.22	384.0	279929.0	260926.0	168076.0	185138.0	252210.0	239598.0	197003.0	100944.0	6784.0	342.0	342.0	342.0	342.0	41567485.0
21	1520391913.25	384.0	351363.0	219868.0	210224.0	204866.0	194244.0	202982.0	297775.0	179564.0	82004.0	342.0	342.0	342.0	342.0	63001439.0
22	1520391913.28	384.0	249060.0	200028.0	99634.0	119841.0	123536.0	128510.0	157728.0	187216.0	714689.0	107266.0	342.0	342.0	342.0	26808465.0
23	1520391913.3	384.0	240876.0	232333.0	147720.0	186980.0	179340.0	192202.0	150014.0	197483.0	284556.0	73684.0	342.0	342.0	342.0	342.0	342.0	24052343.0
24	1520391913.32	384.0	139068.0	225758.0	260983.0	197192.0	255436.0	263298.0	241623.0	133182.0	77622.0	342.0	342.0	342.0	342.0	342.0	7300213.0	91008468.0
25	1520391913.32	384.0	229142.0	276671.0	136314.0	143268.0	132602.0	131726.0	145168.0	159148.0	279355.0	129646.0	342.0	342.0	342.0	342.0	31480339.0	59012550.0
26	1520391913.41	384.0	86665.0	215795.0	245185.0	231418.0	203410.0	273282.0	225578.0	236495.0	125768.0	342.0	342.0	342.0	342.0	342.0	342.0	83392619.0
27	1520391913.42	384.0	152459.0	222158.0	199155.0	210568.0	212014.0	215652.0	265645.0	148378.0	70244.0	13426.0	342.0	342.0	342.0	342.0	66669255.0
28	1520391913.45	384.0	136160.0	332108.0	233065.0	206578.0	201832.0	270477.0	235942.0	136066.0	36398.0	342.0	342.0	28659563.0
29	1520391913.5	384.0	111620.0	201520.0	200063.0	198876.0	222646.0	274116.0	251325.0	188460.0	52090.0	342.0	342.0	342.0	342.0
30	1520391913.51	384.0	118766.0	185088.0	176699.0	194318.0	202932.0	180458.0	198062.0	310673.0	209416.0	16018.0	342.0	342.0	342.0	342.0	66632969.0
31	1520391913.52	384.0	168444.0	239242.0	124932.0	109837.0	115434.0	129232.0	117906.0	148240.0	718751.0	430362.0	342.0	342.0	342.0	342.0	18675387.0	55641974.0
32	1520391913.54	382.0	138408.0	241845.0	180044.0	182340.0	205522.0	264356.0	244957.0	170356.0	150378.0	31388.0	340.0	340.0	340.0	54574229.0
33	1520391913.59	384.0	122680.0	244010.0	121443.0	181012.0	188144.0	232554.0	162674.0	240862.0	297059.0	5918.0	342.0	342.0	342.0	342.0	342.0	95648564.0
34	1520391913.65	384.0	1306.0	110697.0	199875.0	297815.0	232014.0	257628.0	247032.0	249463.0	178208.0	342.0	342.0	342.0	342.0	342.0	37518647.0	41929908.0
35	1520391913.65	384.0	122906.0	295924.0	231459.0	265900.0	213192.0	307678.0	233175.0	81060.0	69252.0	342.0	342.0	342.0	342.0	342.0	342.0	83695448.0	2976.0
36	1520391913.67	384.0	93452.0	258095.0	215086.0	308694.0	224812.0	282745.0	255388.0	85104.0	91542.0	342.0	342.0	342.0	342.0	342.0	25154669.0	90463509.0
37	1520391913.73	384.0	123472.0	229324.0	199533.0	200100.0	178768.0	160668.0	159910.0	296303.0	230088.0	13890.0	342.0	342.0	342.0	342.0	342.0	26872447.0	62035815.0
38	1520391913.73	384.0	216499.0	322692.0	258162.0	246332.0	228086.0	209003.0	86232.0	56946.0	41164.0	342.0	342.0	342.0	46032841.0
39	1520391913.73	384.0	131116.0	237178.0	179300.0	236299.0	205546.0	230410.0	246188.0	244523.0	132208.0	342.0	342.0	342.0	342.0	342.0	45931164.0
40	1520391913.8	382.0	92964.0	199024.0	217815.0	249818.0	222718.0	186320.0	247786.0	278267.0	53094.0	340.0	340.0	340.0	340.0	67962804.0
41	1520391913.81	384.0	104288.0	262156.0	202959.0	212224.0	188686.0	280810.0	309199.0	210478.0	34846.0	342.0	342.0	342.0	342.0	60828751.0
42	1520391913.82	384.0	144560.0	244945.0	144286.0	180572.0	153128.0	158692.0	172566.0	292920.0	341405.0	6034.0	342.0	342.0	342.0	342.0
43	1520391913.88	384.0	86791.0	191699.0	190373.0	159040.0	185290.0	211450.0	269604.0	365819.0	115226.0	342.0	342.0	342.0	342.0	14235851.0	74927641.0
44	1520391913.89	384.0	114454.0	243888.0	159551.0	179100.0	320972.0	268410.0	243979.0	219604.0	11920.0	342.0	342.0	342.0	342.0	52420411.0
45	1520391913.93	384.0	135888.0	272314.0	232855.0	264850.0	261914.0	286066.0	258719.0	152310.0	14764.0	342.0	342.0	342.0	342.0	80639818.0
46	1520391913.94	384.0	87109.0	263162.0	227516.0	153508.0	225026.0	225892.0	250450.0	294537.0	65630.0	342.0	342.0	342.0	342.0	38170707.0
47	1520391913.98	384.0	80138.0	262224.0	205177.0	236626.0	296874.0	275768.0	193235.0	171444.0	49854.0	342.0	342.0	342.0	342.0	342.0
48	1520391914.0	384.0	102970.0	231109.0	166664.0	212204.0	194454.0	200218.0	261978.0	305667.0	24352.0	342.0	342.0	342.0	342.0	342.0	62112234.0
49	1520391914.06	384.0	113029.0	228393.0	208177.0	236750.0	223974.0	239890.0	236870.0	271517.0	74288.0	342.0	342.0	342.0	342.0	41682896.0
50	1520391914.07	384.0	66898.0	221388.0	179719.0	188760.0	215716.0	220576.0	277688.0	353743.0	88394.0	342.0	342.0	342.0
51	1520391914.12	384.0	31707.0	208332.0	204306.0	199029.0	193610.0	211010.0	308894.0	329417.0	101992.0	342.0	342.0	342.0	342.0	342.0
52	1520391914.21	384.0	71178.0	279265.0	189332.0	199620.0	229778.0	214758.0	247259.0	168472.0	43834.0	342.0	342.0	342.0	342.0	19642627.0	63534625.0
53	1520391914.5	384.0	40276.0	251612.0	201014.0	222717.0	289666.0	195472.0	245644.0	315281.0	342.0	342.0	342.0	342.0	342.0	342.0	342.0	342.0	67354475.0	95712851.0
54	1520391914.61	384.0	43210.0	221332.0	199700.0	229239.0	270610.0	230674.0	287768.0	255175.0	342.0	342.0	342.0	342.0	62583749.0
55	1520391914.62	384.0	60554.0	288572.0	240777.0	239208.0	191482.0	194090.0	259809.0	233128.0	3456.0	342.0	342.0	342.0	342.0	342.0	342.0	342.0	129964731.0	31654742.0
56	1520391914.64	384.0	84518.0	170246.0	155251.0	151784.0	174664.0	200684.0	234038.0	822235.0	55780.0	342.0	342.0	342.0	342.0
57	1520391914.64	384.0	128292.0	243065.0	273570.0	168762.0	287098.0	281201.0	181402.0	50014.0	396.0	342.0	342.0	4927569.0
58	1520391914.65	384.0	68098.0	235722.0	186959.0	190646.0	154216.0	185900.0	295734.0	386475.0	6754.0	342.0	342.0	342.0	342.0	342.0	342.0	342.0	342.0	35008561.0	110617052.0	474.0	416.0	342.0
59	1520391914.71	384.0	87428.0	297064.0	266065.0	206520.0	217094.0	229004.0	260357.0	177964.0	342.0	342.0	342.0	11442545.0
60	1520391914.76	384.0	60904.0	251336.0	295537.0	249554.0	216036.0	288635.0	281638.0	132598.0	342.0
61	1520391914.8	384.0	104906.0	284154.0	304233.0	262088.0	263606.0	324865.0	214116.0	32050.0	342.0	342.0	342.0	342.0	40331253.0
62	1520391928.6	342.0	831385.0	462604.0	504491.0	107574.0	684.0	684.0	684.0	684.0	684.0	684.0	89237963.0	29150002.0	684.0	684.0	684.0
