0	1520551815.52	342.0
1	1520551815.56	342.0	28972.0
2	1520551816.69	340.0
3	1520551816.72	342.0
4	1520551816.76	1539.0	34581.0
5	1520551816.81	342.0	43272.0
6	1520551816.97	342.0
7	1520551817.03	342.0
8	1520551817.2	340.0	93579.0
9	1520551817.21	340.0
10	1520551817.27	342.0
11	1520551817.28	1368.0	149459.0
12	1520551817.32	342.0	94987.0
13	1520551817.34	342.0	37899.0
14	1520551817.37	342.0	53695.0
15	1520551817.68	342.0
16	1520551817.7	342.0	53758.0
17	1520551817.8	340.0	58676.0
18	1520551817.83	342.0	37358.0	2790.0
19	1520551817.97	342.0	50374.0
20	1520551818.04	342.0	51512.0
21	1520551818.04	342.0
22	1520551818.14	1068.0	101827.0
23	1520551818.18	342.0	48656.0
24	1520551818.19	342.0	97568.0
25	1520551818.2	342.0	71670.0
26	1520551818.2	342.0
27	1520551818.25	342.0	57268.0
28	1520551818.25	342.0	151378.0
29	1520551818.27	342.0	80130.0
30	1520551818.3	342.0
31	1520551818.31	342.0	45332.0
32	1520551818.41	513.0	195604.0
33	1520551818.41	342.0
34	1520551818.42	342.0	159556.0
35	1520551818.44	342.0	65164.0
36	1520551818.45	342.0	91868.0
37	1520551818.45	855.0	86734.0
38	1520551818.45	1368.0	45591.0
39	1520551818.46	340.0
40	1520551818.48	342.0
41	1520551818.49	340.0	152974.0
42	1520551818.5	342.0	97806.0
43	1520551818.5	342.0
44	1520551818.51	342.0	151784.0
45	1520551818.51	1197.0	84182.0
46	1520551818.52	340.0
47	1520551818.53	342.0	213656.0
48	1520551818.53	340.0	86270.0
49	1520551818.54	342.0	69966.0
50	1520551818.54	342.0
51	1520551818.54	342.0
52	1520551818.55	342.0	55764.0
53	1520551818.6	396.0	84482.0
54	1520551818.61	1197.0	64118.0
55	1520551818.67	684.0	83452.0
56	1520551818.71	342.0	121116.0
57	1520551818.73	450.0	44398.0
58	1520551818.77	342.0	34972.0
59	1520551818.79	342.0	64580.0
60	1520551818.81	342.0	147241.0
61	1520551818.86	342.0	58738.0
62	1520551818.86	342.0	53807.0
63	1520551818.87	1881.0	99443.0
64	1520551818.88	342.0	176968.0
65	1520551818.89	342.0	158113.0
66	1520551818.89	342.0	90152.0
67	1520551818.89	342.0	60266.0
68	1520551818.9	342.0
69	1520551818.91	342.0
70	1520551818.91	342.0
71	1520551818.93	342.0	58326.0
72	1520551818.97	1368.0	109627.0
73	1520551818.98	342.0	69818.0
74	1520551818.99	342.0	66230.0
75	1520551819.01	342.0	100430.0
76	1520551819.01	342.0	157323.0
77	1520551819.01	513.0	118565.0
78	1520551819.03	342.0	66212.0
79	1520551819.03	342.0	118524.0
80	1520551819.04	342.0	113252.0
81	1520551819.38	342.0	67608.0
82	1520551820.22	396.0	137458.0
83	1520551820.33	396.0	73434.0
84	1520551820.35	342.0	123654.0
85	1520551820.35	396.0	83636.0
86	1520551820.36	396.0	159743.0
87	1520551820.38	396.0	128494.0
88	1520551820.41	396.0
89	1520551820.43	342.0	109601.0
90	1520551820.45	342.0	136774.0
91	1520551820.46	396.0
92	1520551820.46	342.0
93	1520551820.47	342.0
94	1520551820.53	342.0	167105.0
95	1520551820.54	396.0
96	1520551820.54	396.0
97	1520551820.54	396.0	142750.0
98	1520551820.54	396.0	106679.0
99	1520551820.58	396.0	67690.0
100	1520551820.62	396.0	60210.0
101	1520551820.62	396.0
102	1520551820.64	342.0	167083.0
103	1520551820.65	396.0	73988.0
104	1520551820.68	340.0	67618.0
105	1520551820.68	342.0	92018.0
106	1520551820.69	396.0	118322.0
107	1520551820.7	342.0	69678.0
108	1520551820.71	394.0	96036.0
109	1520551820.72	396.0	83042.0
110	1520551820.73	396.0	99596.0
111	1520551820.73	396.0	140608.0
112	1520551820.74	342.0	129594.0
113	1520551820.75	396.0	81928.0
114	1520551820.76	396.0	159233.0
115	1520551820.77	396.0
116	1520551820.78	342.0
117	1520551820.78	342.0	77096.0
118	1520551820.81	342.0	170838.0
119	1520551820.84	396.0	77804.0
120	1520551820.84	342.0	87920.0
121	1520551820.85	396.0
122	1520551820.85	342.0
123	1520551820.87	396.0
124	1520551820.89	396.0	78800.0
125	1520551820.89	396.0	133848.0
126	1520551820.9	342.0
127	1520551820.91	342.0	109784.0
128	1520551820.91	342.0	138390.0
129	1520551820.92	342.0
130	1520551820.92	342.0	76170.0
131	1520551820.99	396.0	94264.0
132	1520551821.0	396.0	157621.0
133	1520551821.01	342.0	137388.0
134	1520551821.02	396.0
135	1520551821.03	342.0	101159.0
136	1520551821.03	342.0	90926.0
137	1520551821.05	342.0
138	1520551821.09	342.0	168320.0
139	1520551821.09	396.0
140	1520551821.1	342.0
141	1520551821.12	342.0	94234.0
142	1520551821.13	342.0	239852.0
143	1520551821.13	342.0	103578.0
144	1520551821.15	342.0
145	1520551821.15	396.0	173250.0
146	1520551821.15	342.0	165642.0
147	1520551821.15	342.0
148	1520551821.16	396.0
149	1520551821.16	342.0	246990.0
150	1520551821.18	394.0	180116.0
151	1520551821.18	342.0	89836.0
152	1520551821.21	342.0	119790.0
153	1520551821.23	396.0	144130.0
154	1520551821.24	396.0
155	1520551821.25	342.0	94902.0
156	1520551821.25	342.0	142014.0
157	1520551821.26	342.0	79238.0
158	1520551821.27	396.0	95376.0
159	1520551821.32	342.0
160	1520551821.33	342.0	89856.0
161	1520551821.33	342.0
162	1520551821.35	342.0	290986.0
163	1520551821.36	342.0	121498.0
164	1520551821.46	342.0	131702.0
165	1520551821.48	342.0	137942.0
166	1520551821.49	340.0	282440.0
167	1520551821.55	342.0	167996.0
168	1520551821.58	342.0	77702.0
169	1520551822.17	2223.0	121595.0	2736.0
170	1520551822.28	342.0	210752.0
171	1520551822.34	342.0	172697.0
172	1520551822.35	340.0	56382.0
173	1520551822.44	1710.0	146050.0
174	1520551822.62	1368.0	107613.0
175	1520551822.64	342.0	167649.0
176	1520551822.79	342.0	124031.0
177	1520551822.86	342.0	140577.0
178	1520551822.88	342.0	52406.0
179	1520551822.91	342.0	201895.0
180	1520551822.97	1026.0	105614.0
181	1520551823.0	342.0	276308.0
182	1520551823.09	342.0	275818.0	2394.0
183	1520551823.14	342.0	238238.0
184	1520551823.16	340.0	187570.0
185	1520551823.22	342.0	107855.0
186	1520551823.25	342.0	163654.0
187	1520551823.34	340.0	175882.0
188	1520551823.41	340.0	171706.0
189	1520551823.42	342.0	163944.0
190	1520551823.42	342.0	137050.0
191	1520551823.53	342.0	121553.0
192	1520551823.58	342.0	53743.0
193	1520551823.59	342.0	241820.0
194	1520551823.63	342.0	146266.0
195	1520551823.67	342.0	194900.0
196	1520551823.68	342.0	162396.0
197	1520551823.68	342.0	157500.0
198	1520551823.69	342.0	112900.0
199	1520551823.71	342.0	69882.0
200	1520551823.8	342.0	145826.0
201	1520551823.92	340.0	77296.0
202	1520551823.95	855.0	137930.0
203	1520551823.95	342.0
204	1520551823.95	1710.0	205431.0
205	1520551824.04	684.0	167389.0
206	1520551824.08	342.0	87984.0
207	1520551824.17	680.0	185398.0
208	1520551824.25	342.0	170692.0
209	1520551824.29	342.0	178598.0
210	1520551824.3	2394.0	204234.0
211	1520551824.33	342.0	180734.0	2736.0
212	1520551824.42	342.0	104904.0
213	1520551824.5	342.0	180580.0
214	1520551824.54	342.0	144592.0
215	1520551824.56	342.0	36470.0
216	1520551824.78	342.0	191343.0
217	1520551824.84	342.0	107475.0
218	1520551824.85	342.0	91258.0
219	1520551824.85	342.0	264588.0
220	1520551824.88	342.0	265844.0
221	1520551824.89	342.0	278946.0
222	1520551825.03	342.0	79243.0
223	1520551825.23	342.0	124088.0
224	1520551825.36	342.0	159682.0
225	1520551825.38	513.0	114784.0
226	1520551825.41	342.0	98000.0
227	1520551825.46	342.0	97266.0
228	1520551825.61	513.0	173328.0	2052.0
229	1520551825.63	342.0	220810.0
230	1520551825.65	684.0	229506.0
231	1520551825.68	342.0	23334.0
232	1520551825.72	1710.0	112134.0
233	1520551825.76	342.0	172603.0
234	1520551825.77	342.0	114294.0
235	1520551825.79	342.0	119358.0
236	1520551825.79	342.0	119427.0
237	1520551825.8	342.0	134589.0
238	1520551825.85	342.0	155576.0
239	1520551825.91	342.0
240	1520551825.92	342.0	153130.0	2052.0
241	1520551825.92	342.0	167007.0
242	1520551825.94	342.0	121001.0
243	1520551825.95	342.0	233683.0
244	1520551825.96	342.0	152662.0
245	1520551825.97	342.0	89548.0
246	1520551825.98	342.0
247	1520551826.03	1710.0	110395.0
248	1520551826.07	342.0	80673.0
249	1520551826.08	342.0	259966.0
250	1520551826.14	342.0	91872.0
251	1520551826.23	342.0	201553.0
252	1520551826.39	342.0
253	1520551826.52	342.0
254	1520551826.77	342.0
255	1520551826.89	342.0	134938.0
256	1520551827.04	342.0	232242.0
257	1520551827.29	342.0	119550.0
258	1520551827.43	342.0	234607.0
259	1520551827.44	342.0	189490.0
260	1520551827.57	342.0	170922.0
261	1520551827.67	342.0	94767.0
262	1520551827.8	342.0	157320.0
263	1520551827.83	342.0	134826.0
264	1520551827.86	342.0	73022.0
265	1520551827.88	342.0	65130.0
266	1520551827.89	342.0	143294.0
267	1520551827.89	342.0	202622.0
268	1520551827.9	342.0	162442.0
269	1520551827.91	342.0	80704.0
270	1520551827.93	621.0	84300.0
271	1520551828.07	342.0	69758.0
272	1520551828.12	342.0	180768.0
273	1520551828.15	342.0	155666.0
274	1520551828.16	342.0	178824.0
275	1520551828.16	342.0	84612.0
276	1520551828.17	340.0	134946.0
277	1520551828.17	342.0
278	1520551828.17	342.0
279	1520551828.18	342.0	142140.0
280	1520551828.18	342.0	117042.0
281	1520551828.22	340.0	205057.0
282	1520551828.27	342.0	119246.0
283	1520551828.28	621.0	145693.0
284	1520551828.36	342.0	113760.0
285	1520551828.37	342.0	151978.0
286	1520551828.37	342.0	94258.0
287	1520551828.4	513.0	64180.0
288	1520551828.4	342.0	125296.0
289	1520551828.44	342.0	109282.0
290	1520551828.65	342.0	66432.0
291	1520551828.68	450.0	115384.0
292	1520551828.7	342.0	182868.0
293	1520551828.76	342.0	91288.0
294	1520551829.55	1026.0	121126.0
295	1520551829.73	342.0	118607.0
296	1520551829.73	342.0	84801.0
297	1520551829.95	342.0	70472.0
298	1520551830.21	342.0	143850.0
299	1520551830.21	342.0	141564.0
300	1520551830.25	450.0	134686.0
301	1520551830.26	342.0	88782.0
302	1520551830.31	342.0	68110.0
303	1520551830.44	342.0	120942.0
304	1520551830.47	342.0	246036.0
305	1520551830.87	342.0	94410.0
306	1520551831.27	342.0	52390.0
307	1520551831.67	342.0	131444.0
308	1520551831.75	342.0	202221.0
309	1520551832.63	342.0	169975.0
310	1520551832.9	1989.0	102667.0
311	1520551833.38	342.0	87774.0
