0	1520546493.69	666.0	10696.0	1026.0	1026.0	1026.0	1026.0	1026.0	1026.0	109816197.0	31282205.0
1	1520546493.76	1026.0	15289.0	1625.0	2137.0	1710.0	1539.0	1710.0	1710.0	1796.0	1624.0	1710.0	1710.0	1710.0	54319843.0	62873500.0
2	1520546493.79	720.0	19520.0	1026.0	1026.0	1026.0	1026.0	1026.0	1026.0	55964421.0
3	1520546493.79	342.0	27640.0	1026.0	1026.0	1026.0	1026.0	1026.0	1026.0	1026.0	1026.0	24455978.0	65297000.0	2878.0
4	1520546493.85	342.0	8426.0	1026.0	1026.0	1026.0	1026.0	1026.0	1026.0	100270223.0
5	1520546493.87	342.0	5684.0	1710.0	1710.0	1710.0	1710.0	1710.0	68445387.0
6	1520546493.87	342.0	19832.0	1026.0	1026.0	1026.0	1026.0	1026.0	1026.0	80708539.0
7	1520546493.92	684.0	19256.0	1026.0	855.0	1197.0	1026.0	1026.0	16750977.0	90633413.0
8	1520546493.94	342.0	13266.0	1026.0	1026.0	1026.0	1026.0	1026.0	28709354.0	89065205.0
9	1520546493.94	788.0	33926.0	1190.0	935.0	1105.0	1020.0	1020.0	38161927.0	55082669.0
10	1520546494.0	340.0	6382.0	1020.0	1020.0	1020.0	1020.0	53734538.0
11	1520546494.03	567.0	21502.0	1026.0	1026.0	1026.0	1026.0	1026.0	54382728.0
12	1520546494.07	342.0	18566.0	1710.0	1710.0	1710.0	1710.0	1710.0	1710.0	29272964.0	39386690.0
13	1520546494.09	342.0	8220.0	1026.0	1026.0	1026.0	1026.0	1026.0	92655867.0	11750885.0
14	1520546494.11	342.0	30874.0	1026.0	1026.0	1026.0	1026.0	1026.0	1026.0	86738441.0
15	1520546494.13	340.0	18864.0	1700.0	1700.0	1700.0	1700.0	1700.0	1700.0	1700.0	39987151.0	81572433.0	9074.0
16	1520546494.16	342.0	5629.0	2052.0	1881.0	2052.0	2052.0	2052.0	2052.0	2052.0	2052.0	2052.0	2052.0	31762682.0	101917191.0
17	1520546494.17	855.0	30130.0	1710.0	1710.0	1710.0	1710.0	1710.0	1710.0	1710.0	1710.0	143208609.0
18	1520546494.19	340.0	9664.0	1020.0	1020.0	1020.0	1020.0	1020.0	1020.0	36330422.0	89083883.0
19	1520546494.23	855.0	4040.0	1625.0	1795.0	1710.0	1539.0	1710.0	42415349.0	53299709.0
20	1520546494.32	342.0	7262.0	1710.0	1710.0	1710.0	1710.0	45170834.0	18233645.0
21	1520546494.34	513.0	6076.0	1881.0	1368.0	1710.0	1710.0	2052.0	1368.0	56614192.0	11643037.0	11784.0	1784.0	1710.0
22	1520546494.34	396.0	4486.0	1026.0	1026.0	1026.0	22976859.0
23	1520546494.38	342.0	5131.0	855.0	1026.0	1026.0	1026.0	1026.0	84253512.0
24	1520546494.42	342.0	8194.0	1710.0	1710.0	1710.0	1710.0	1710.0	1710.0	91307583.0	4334.0
25	1520546494.43	342.0	24934.0	1026.0	1026.0	1026.0	1026.0	1026.0	14155167.0	75971563.0
26	1520546494.43	342.0	9814.0	2052.0	2052.0	2052.0	2052.0	2052.0	2052.0	2052.0	30064252.0	80599695.0
27	1520546494.48	342.0	5860.0	1026.0	1026.0	1026.0	1026.0	67452297.0
28	1520546494.51	340.0	3828.0	1700.0	1700.0	1700.0	1700.0	31073970.0	5013554.0
29	1520546494.54	504.0	5182.0	1368.0	1368.0	1368.0	1368.0	1368.0	59003943.0
30	1520546494.56	342.0	7258.0	1368.0	1368.0	1368.0	1368.0	32869186.0	48793902.0
31	1520546494.89	342.0	14020.0	342.0	342.0	342.0	342.0	50587013.0	23530365.0
32	1520546494.96	342.0	3926.0	342.0	342.0	342.0	342.0	342.0	104792846.0
33	1520546494.98	342.0	7852.0	342.0	342.0	342.0	342.0	342.0	55210367.0
34	1520546495.05	396.0	23014.0	342.0	342.0	342.0	342.0	342.0	10386876.0	78939900.0
35	1520546495.06	342.0	16210.0	342.0	342.0	342.0	342.0	342.0	27040868.0
36	1520546495.07	612.0	8546.0	342.0	342.0	342.0	342.0	342.0	72832318.0	43004923.0
37	1520546495.11	342.0	10984.0	342.0	342.0	342.0	342.0	60925330.0
38	1520546495.11	342.0	12686.0	396.0	342.0	342.0	342.0	342.0	90284606.0
39	1520546495.12	342.0	4210.0	342.0	342.0	342.0	47089052.0	11948236.0
40	1520546495.15	450.0	4384.0	342.0	342.0	342.0	50028189.0
41	1520546495.22	342.0	3542.0	342.0	342.0	342.0	46860166.0
42	1520546495.23	342.0	7180.0	342.0	342.0	342.0	342.0
43	1520546495.25	556.0	11540.0	340.0	340.0	340.0	340.0	62688688.0
44	1520546495.27	342.0	4684.0	342.0	342.0	342.0	342.0	75334233.0
45	1520546495.31	342.0	6334.0	342.0	342.0	342.0	342.0	27895316.0
46	1520546495.38	340.0	2394.0	340.0	340.0	37801621.0
47	1520546495.38	504.0	3080.0	342.0	342.0	342.0	342.0	76337616.0
48	1520546495.38	340.0	12566.0	340.0	340.0	340.0	340.0	55875129.0
49	1520546495.43	396.0	6524.0	342.0	342.0	342.0	18799979.0
50	1520546502.12	342.0	4384.0	342.0	384.0	342.0	342.0	55372650.0	16233106.0	4968.0
51	1520546502.93	342.0	2866.0	342.0	384.0	342.0	30439724.0	30704887.0
52	1520546503.05	342.0	2338.0	342.0	384.0	342.0	56726298.0	6264912.0
53	1520546503.1	340.0	5396.0	340.0	382.0	340.0	340.0	57939489.0
54	1520546503.12	342.0	8996.0	384.0	342.0	342.0	342.0	342.0	342.0	67790056.0	92847669.0
55	1520546503.26	342.0	3736.0	342.0	384.0	342.0	342.0	62498863.0
56	1520546503.43	342.0	1876.0	384.0	342.0	23405060.0	38095031.0
57	1520546503.51	342.0	1954.0
58	1520546503.55	342.0	9434.0	342.0	384.0	342.0	342.0	342.0	89365306.0	31042327.0
59	1520546504.28	342.0	23770.0	342.0	384.0	342.0	342.0	342.0	342.0	342.0	342.0	64499053.0	100356647.0
60	1520546504.36	342.0	4828.0	342.0	384.0	342.0	342.0	342.0	25849540.0	120873668.0
61	1520546504.6	342.0	10660.0	384.0	342.0	342.0	342.0	15208798.0	69289759.0
