0	1520391912.31	620.0	87740120.0	61853854.0	27511086.0	18897466.0	19158839.0	5693956.0	6323209.0	867.0	1445.0	1156.0	1156.0	1156.0	1156.0	253909.0	1736630.0
1	1520391912.34	331.0	70252411.0	38595628.0	18909934.0	13792590.0	11257416.0	15402231.0	15010019.0	10134313.0	11502924.0	12261863.0	12017809.0	1156.0	1445.0	1156.0	1156.0	1156.0	1156.0	1079614.0	1594835.0
2	1520391912.39	620.0	77972775.0	59908199.0	33057781.0	24291463.0	13030862.0	9416420.0	5431450.0	6194516.0	1264.0	867.0	1445.0	1445.0	1156.0	867.0	1156.0	1156.0	386812.0	1134967.0
3	1520391912.4	331.0	81931411.0	37698690.0	15868420.0	12155624.0	9842684.0	12006240.0	14493519.0	18205786.0	5740280.0	14068167.0	6423372.0	1156.0	1156.0	1156.0	1156.0	1156.0	1156.0	1173527.0
4	1520391912.46	331.0	81088937.0	54346811.0	34913990.0	20192410.0	19717379.0	8041861.0	4907888.0	2380929.0	1445.0	1156.0	1156.0	1156.0	1156.0	966740.0
5	1520391912.51	331.0	67178379.0	54813668.0	25114373.0	19846692.0	22046634.0	19105651.0	11624602.0	4374345.0	5012901.0	1445.0	1156.0	1012.0	1300.0	1156.0	318218.0	1252123.0
6	1520391912.51	331.0	83194329.0	55897251.0	31907097.0	24970153.0	11673181.0	12826707.0	6858479.0	1156.0	1156.0	1156.0	1156.0	1156.0	424478.0
7	1520391912.55	331.0	85494682.0	45697672.0	26526133.0	17361123.0	24541193.0	17757749.0	5603877.0	3819759.0	1589.0	1156.0	1156.0	1156.0	1012.0	1300.0	1412013.0
8	1520391912.57	331.0	95027898.0	62229073.0	24043863.0	15758889.0	17537660.0	5200545.0	3618430.0	3789470.0	1445.0	1156.0	1156.0	1156.0	1156.0	403430.0	990639.0
9	1520391912.64	620.0	69118937.0	33650509.0	17006064.0	13166107.0	19856202.0	20471454.0	29267538.0	17149168.0	4709502.0	4905380.0	1734.0	1156.0	1156.0	1156.0	1156.0	79939.0	1305438.0
10	1520391912.66	331.0	53620632.0	41372815.0	26891907.0	19854242.0	20077947.0	23708612.0	24137060.0	14127062.0	2544496.0	1156.0	1156.0	1156.0	1156.0	1342852.0
11	1520391912.69	620.0	66396322.0	37126716.0	24220354.0	21176579.0	33440336.0	27670429.0	9922827.0	4323338.0	3645074.0	1445.0	1445.0	1156.0	1156.0	1156.0	1053077.0
12	1520391912.76	331.0	74689815.0	42471802.0	17679784.0	10164265.0	13539138.0	17849174.0	14286986.0	11740673.0	12420331.0	13579453.0	1156.0	1156.0	1156.0	1156.0	1156.0	428951.0
13	1520391912.8	620.0	47547306.0	33070551.0	19648804.0	22364949.0	25450655.0	33670459.0	24922754.0	11176899.0	3445586.0	5791990.0	1300.0	1301.0	1300.0	867.0	1445.0	1216414.0
14	1520391912.85	331.0	89520.0	25427427.0	30457473.0	32722554.0	29147100.0	35891003.0	44871178.0	21928479.0	8289844.0	1156.0	1156.0	1156.0	1156.0	1156.0	1156.0	512408.0	935103.0
15	1520391912.86	331.0	66209236.0	42843808.0	22960851.0	27215405.0	22906391.0	17524788.0	15680325.0	5474261.0	3560933.0	2327078.0	1445.0	867.0	867.0	1445.0	1012.0	1156.0	1691253.0	469803.0
16	1520391913.12	331.0	23579480.0	55958049.0	30773850.0	31775847.0	25273319.0	24054768.0	21388983.0	8116016.0	7991686.0	578.0	578.0	578.0	578.0	578.0	578.0	855733.0
17	1520391913.15	331.0	27812360.0	22161958.0	13385054.0	10766902.0	16284125.0	16842560.0	16770369.0	26064652.0	55116526.0	23400699.0	578.0	578.0	578.0	578.0	578.0	578.0	578.0	359218.0	2046125.0
18	1520391913.17	331.0	41940395.0	25017530.0	21555228.0	20529376.0	24822018.0	34118125.0	35114432.0	16345996.0	6204448.0	578.0	578.0	578.0	578.0	532580.0	927089.0
19	1520391913.19	331.0	23546273.0	30574757.0	17836425.0	15440004.0	16682175.0	21707513.0	33608203.0	29270750.0	29756992.0	8850014.0	578.0	578.0	578.0	578.0	578.0	578.0	1301272.0
20	1520391913.22	331.0	39384102.0	31591442.0	21388383.0	23214813.0	32286154.0	33478733.0	26281796.0	16934187.0	1479989.0	578.0	578.0	578.0	578.0	825879.0
21	1520391913.25	331.0	35332900.0	24710277.0	23336741.0	23629485.0	20410549.0	22986122.0	44598269.0	20555415.0	10725411.0	578.0	578.0	578.0	578.0	1106889.0
22	1520391913.28	331.0	28786795.0	22368617.0	10894968.0	14085920.0	13293985.0	13803901.0	17075564.0	21838067.0	66426418.0	17441055.0	578.0	578.0	578.0	517124.0
23	1520391913.3	331.0	29073891.0	26926431.0	14086480.0	22004192.0	20573443.0	22487120.0	16422960.0	23348213.0	38637563.0	12683568.0	578.0	578.0	578.0	578.0	578.0	241408.0
24	1520391913.32	331.0	14435854.0	28196124.0	34156930.0	23350878.0	34097929.0	33898051.0	31100636.0	15990318.0	12019945.0	578.0	578.0	578.0	578.0	578.0	96000.0	1421932.0
25	1520391913.32	331.0	30349171.0	35448071.0	14478779.0	15742940.0	16405089.0	15331790.0	16918815.0	21385660.0	42793522.0	18972478.0	578.0	578.0	578.0	578.0	685974.0	935973.0
26	1520391913.41	331.0	8149058.0	27180390.0	29325741.0	27151887.0	23161122.0	34586381.0	28611092.0	31429370.0	18689675.0	578.0	578.0	578.0	578.0	578.0	578.0	608011.0
27	1520391913.42	331.0	17409969.0	26277469.0	25415787.0	29595436.0	27591123.0	25933363.0	39032453.0	22007020.0	10163112.0	2599076.0	578.0	578.0	578.0	578.0	985579.0
28	1520391913.45	331.0	14971740.0	45009886.0	30625549.0	23440924.0	22848370.0	33863446.0	31553674.0	17229569.0	5591376.0	578.0	578.0	510136.0
29	1520391913.5	331.0	11861076.0	23828566.0	23208145.0	22960802.0	33030917.0	37797054.0	37393977.0	26279522.0	9374454.0	578.0	578.0	578.0	578.0
30	1520391913.51	331.0	13708497.0	23100414.0	19028494.0	21509288.0	25957758.0	22276866.0	23870667.0	45337457.0	28025978.0	3420481.0	578.0	578.0	578.0	578.0	1237987.0
31	1520391913.52	331.0	19113477.0	27664270.0	12002344.0	10884363.0	10823155.0	13793902.0	12156388.0	15127559.0	62469049.0	43876409.0	578.0	578.0	578.0	578.0	344942.0	845937.0
32	1520391913.54	330.0	19239007.0	29366045.0	17574873.0	21017499.0	24182324.0	32849871.0	33664076.0	20708607.0	19290568.0	7633139.0	576.0	576.0	576.0	831900.0
33	1520391913.59	331.0	11905712.0	27938830.0	12901187.0	22564048.0	23007853.0	29581493.0	18097113.0	35313384.0	43378067.0	1531375.0	578.0	578.0	578.0	578.0	578.0	1162174.0
34	1520391913.65	331.0	1927.0	10880807.0	24521632.0	42066712.0	29105704.0	31765270.0	32947428.0	31515211.0	25715021.0	578.0	578.0	578.0	578.0	578.0	611530.0	473833.0
35	1520391913.65	331.0	12100454.0	37577690.0	24357272.0	34157414.0	25108385.0	40089929.0	34815275.0	9236732.0	9768935.0	578.0	578.0	578.0	578.0	578.0	578.0	779427.0	8208.0
36	1520391913.67	331.0	7642513.0	32041451.0	23589040.0	40950570.0	27854408.0	36893270.0	34354012.0	10341150.0	13927693.0	578.0	578.0	578.0	578.0	578.0	237962.0	889263.0
37	1520391913.73	331.0	12996361.0	26263021.0	21708579.0	22365334.0	18500048.0	17746678.0	17924052.0	51495918.0	35720980.0	4767240.0	578.0	578.0	578.0	578.0	578.0	351056.0	1125781.0
38	1520391913.73	331.0	31819364.0	49395979.0	34279773.0	30422699.0	29060193.0	27099793.0	10060660.0	8390900.0	5422666.0	578.0	578.0	578.0	917290.0
39	1520391913.73	331.0	12853753.0	26520947.0	17911312.0	28494447.0	30327568.0	27825044.0	32031306.0	33382048.0	18672350.0	578.0	578.0	578.0	578.0	578.0	776373.0
40	1520391913.8	330.0	8111237.0	23251165.0	26936134.0	32898569.0	28417071.0	24059078.0	33554733.0	38425915.0	9665953.0	576.0	576.0	576.0	576.0	977159.0
41	1520391913.81	331.0	8835441.0	34099946.0	22977073.0	24070590.0	23702828.0	36240798.0	41076015.0	29861726.0	5703943.0	578.0	578.0	578.0	578.0	784056.0
42	1520391913.82	331.0	14937690.0	29193368.0	14101776.0	19490419.0	15524488.0	16169157.0	19353658.0	33879949.0	62148190.0	1179737.0	578.0	578.0	578.0	578.0
43	1520391913.88	331.0	6942722.0	22821424.0	21303006.0	16190520.0	21931305.0	25804721.0	37668557.0	55610543.0	18966097.0	578.0	578.0	578.0	578.0	238532.0	1283303.0
44	1520391913.89	331.0	11996748.0	30880138.0	18737672.0	21392201.0	45532326.0	34146116.0	30107527.0	30955938.0	2990985.0	578.0	578.0	578.0	578.0	720793.0
45	1520391913.93	331.0	14279566.0	33728610.0	27623016.0	30953534.0	30864240.0	33615364.0	34202878.0	17671644.0	2914349.0	578.0	578.0	578.0	578.0	765994.0
46	1520391913.94	331.0	8841437.0	34915841.0	27289757.0	17886515.0	28702548.0	25650898.0	30558354.0	40631985.0	11264701.0	578.0	578.0	578.0	578.0	662318.0
47	1520391913.98	331.0	7671799.0	33041691.0	22002057.0	29388631.0	45600331.0	33212382.0	26908812.0	23413817.0	5729452.0	578.0	578.0	578.0	578.0	578.0
48	1520391914.0	331.0	10370982.0	31694158.0	19745608.0	26905314.0	22788912.0	24185763.0	38890963.0	47255727.0	4930546.0	578.0	578.0	578.0	578.0	578.0	657990.0
49	1520391914.06	331.0	12530763.0	29731434.0	26418239.0	28474500.0	26663490.0	27225495.0	26137616.0	37210576.0	12168463.0	578.0	578.0	578.0	578.0	465799.0
50	1520391914.07	331.0	4676722.0	25855566.0	19428773.0	19201888.0	28490553.0	25530077.0	34330296.0	53212901.0	14551692.0	578.0	578.0	578.0
51	1520391914.12	331.0	400044.0	26001239.0	22295016.0	20095759.0	22430565.0	24138181.0	43325694.0	50046374.0	17207873.0	578.0	578.0	578.0	578.0	578.0
52	1520391914.21	331.0	5783789.0	43881944.0	23187193.0	25072322.0	30228743.0	29810147.0	37804336.0	24835217.0	6845574.0	578.0	578.0	578.0	578.0	374376.0	1162365.0
53	1520391914.5	331.0	1933156.0	31217649.0	22535341.0	25115028.0	35058738.0	27575748.0	33562726.0	52949728.0	578.0	578.0	578.0	578.0	578.0	578.0	578.0	578.0	1036926.0	1843813.0
54	1520391914.61	331.0	1961872.0	28025023.0	23347754.0	27635230.0	33197334.0	29094009.0	40727042.0	41039388.0	578.0	578.0	578.0	578.0	966077.0
55	1520391914.62	331.0	4113651.0	42355452.0	29876819.0	30601595.0	22390959.0	21082181.0	35875958.0	38271686.0	2895100.0	578.0	578.0	578.0	578.0	578.0	578.0	578.0	2359489.0	667498.0
56	1520391914.64	331.0	7577377.0	20405779.0	16695451.0	15309830.0	19594750.0	24741357.0	31808402.0	80299586.0	10880623.0	578.0	578.0	578.0	578.0
57	1520391914.64	331.0	15557458.0	37178337.0	38130205.0	21136748.0	38381828.0	41215779.0	25259643.0	8175858.0	632.0	578.0	578.0	57238.0
58	1520391914.65	331.0	5111647.0	31461554.0	20073009.0	21269771.0	16704145.0	23827261.0	43945915.0	62234637.0	1778785.0	578.0	578.0	578.0	578.0	578.0	578.0	578.0	578.0	581536.0	2292905.0	1520.0	578.0	578.0
59	1520391914.71	331.0	8529298.0	40311291.0	33126214.0	23174440.0	24772520.0	31721677.0	34668606.0	28574389.0	578.0	578.0	578.0	81196.0
60	1520391914.76	331.0	3952322.0	34387113.0	38681470.0	27959561.0	25164858.0	37261429.0	39054771.0	18473782.0	578.0
61	1520391914.8	331.0	11290683.0	36874591.0	35779201.0	31053723.0	31638388.0	43503089.0	30742631.0	4435039.0	578.0	578.0	578.0	578.0	735380.0
