0	1520391155.9	384.0	551174.0	304245.0	163852.0	169582.0	165690.0	198337.0	92592.0	47202.0	59226.0	37418.0	342.0	342.0	342.0	342.0	342.0	57752471.0	19711392.0	5288.0
1	1520391155.92	382.0	451073.0	166910.0	104166.0	105768.0	119076.0	109492.0	117924.0	193515.0	115072.0	201020.0	340.0	340.0	340.0	340.0	340.0	49617519.0	54372601.0
2	1520391155.93	384.0	508500.0	237779.0	141016.0	140614.0	220898.0	221251.0	94492.0	26306.0	24236.0	20810.0	342.0	342.0	342.0	342.0	35045274.0	63845984.0
3	1520391155.93	384.0	593854.0	308823.0	227194.0	224547.0	218052.0	78346.0	53110.0	342.0	342.0	342.0	342.0	342.0	342.0	342.0	57435937.0
4	1520391155.97	384.0	399625.0	245264.0	144640.0	163962.0	191858.0	169559.0	163172.0	76012.0	76674.0	342.0	342.0	342.0	342.0	342.0	342.0	51545161.0	71108797.0
5	1520391155.97	384.0	527650.0	220843.0	117960.0	114334.0	148066.0	159212.0	172545.0	118836.0	78320.0	69510.0	342.0	342.0	342.0	342.0	342.0	29710178.0	69784176.0
6	1520391155.97	384.0	404209.0	201018.0	104288.0	90952.0	134574.0	152652.0	172992.0	203781.0	174072.0	68464.0	342.0	342.0	342.0	342.0	342.0	342.0	70995092.0	32941228.0
7	1520391155.98	384.0	302339.0	284240.0	153508.0	150510.0	194231.0	140964.0	105672.0	28920.0	8740.0	342.0	342.0	342.0	342.0	342.0	81251826.0
8	1520391155.99	384.0	572859.0	335332.0	204922.0	199520.0	194273.0	114522.0	46086.0	33716.0	15938.0	342.0	342.0	342.0	342.0	342.0	90286738.0
9	1520391156.02	384.0	252361.0	308014.0	164164.0	182070.0	179961.0	95532.0	21528.0	15084.0	11494.0	41912.0	342.0	342.0	342.0	342.0	342.0	58706761.0	10056001.0
10	1520391156.03	384.0	344817.0	268094.0	176188.0	129158.0	128438.0	124249.0	100840.0	101238.0	45338.0	342.0	342.0	342.0	342.0	342.0	342.0	113787622.0
11	1520391156.04	384.0	288085.0	288240.0	199620.0	182256.0	158151.0	86506.0	77996.0	37392.0	17670.0	12182.0	342.0	342.0	342.0	342.0	342.0	95281630.0	22830735.0
12	1520391156.04	384.0	290242.0	209171.0	116296.0	100416.0	124544.0	204438.0	226797.0	125448.0	43832.0	342.0	342.0	342.0	342.0	342.0	32505359.0	62005978.0
13	1520391156.06	382.0	329506.0	191221.0	139206.0	175222.0	168248.0	181292.0	182829.0	141606.0	30824.0	340.0	340.0	340.0	340.0	340.0	6704361.0	92178219.0	27414560.0
14	1520391156.06	384.0	401403.0	223086.0	172140.0	162394.0	169654.0	183358.0	159941.0	66202.0	19674.0	19732.0	342.0	342.0	342.0	342.0	342.0	7143110.0	90494768.0	43339685.0
15	1520391156.12	384.0	314089.0	248126.0	169934.0	182264.0	126900.0	149066.0	184367.0	94422.0	36594.0	15418.0	342.0	342.0	342.0	342.0	13341524.0	55578847.0
16	1520391156.18	384.0	233312.0	275031.0	172682.0	115110.0	128442.0	153070.0	156660.0	161315.0	101744.0	7076.0	342.0	342.0	342.0	342.0	342.0	94841484.0	20991.0
17	1520391156.24	384.0	311918.0	248229.0	153688.0	176098.0	268517.0	167998.0	120096.0	86370.0	71888.0	342.0	342.0	342.0	342.0	47555109.0
18	1520391156.29	384.0	173904.0	256457.0	161592.0	168856.0	197966.0	213593.0	117530.0	85838.0	342.0	342.0	342.0	342.0	342.0	80051594.0
19	1520391156.3	384.0	183666.0	228517.0	134958.0	117530.0	123922.0	104040.0	158448.0	247742.0	249543.0	76188.0	7162.0	342.0	342.0	342.0	342.0	18948044.0	74314997.0
20	1520391156.31	384.0	213284.0	250955.0	145098.0	158550.0	133458.0	133662.0	159978.0	153176.0	175661.0	92524.0	342.0	342.0	342.0	342.0	72454722.0
21	1520391156.36	384.0	36192.0	185230.0	123317.0	150714.0	138180.0	136760.0	146098.0	195968.0	347465.0	112796.0	54568.0	342.0	342.0	342.0	342.0	342.0	46656087.0	63370552.0
22	1520391156.4	384.0	270940.0	255527.0	173474.0	178766.0	199522.0	219473.0	121654.0	29880.0	31480.0	342.0	342.0	342.0	342.0	342.0	342.0	26254362.0	92058846.0	25120752.0
23	1520391156.45	384.0	145406.0	249077.0	165714.0	181884.0	213432.0	235806.0	279135.0	129690.0	14296.0	342.0	342.0	36851809.0
24	1520391156.45	384.0	79086.0	137936.0	94434.0	113521.0	133712.0	174610.0	161662.0	218140.0	301053.0	58192.0	8104.0	342.0	342.0	342.0	342.0	65576941.0
25	1520391156.47	384.0	174416.0	236959.0	116550.0	139238.0	164626.0	173334.0	179882.0	192805.0	161394.0	40672.0	342.0	342.0	342.0	342.0	342.0	342.0	54940471.0	34622009.0
26	1520391156.51	384.0	114368.0	204057.0	139158.0	181472.0	256588.0	205706.0	213973.0	94336.0	10888.0	342.0	342.0	342.0	342.0	44331814.0
27	1520391156.53	384.0	104088.0	146094.0	90428.0	81069.0	83850.0	82512.0	89878.0	111344.0	301320.0	714369.0	89858.0	342.0	342.0	342.0	342.0	48168904.0	34121700.0
28	1520391156.59	384.0	142322.0	244085.0	183160.0	166088.0	183098.0	186430.0	242685.0	135298.0	37548.0	342.0	342.0	342.0	342.0	342.0	70206629.0
29	1520391156.63	384.0	85269.0	294360.0	245750.0	246834.0	202957.0	154702.0	86512.0	24744.0	9574.0	342.0	342.0	342.0	21146426.0
30	1520391156.64	384.0	208969.0	339846.0	265622.0	338028.0	247779.0	58698.0	21434.0	342.0	342.0	342.0	342.0	342.0	27995625.0	76332161.0
31	1520391156.77	384.0	120383.0	188549.0	137413.0	138086.0	137472.0	144660.0	167458.0	283769.0	250064.0	48082.0	342.0	342.0	342.0	342.0	342.0	342.0	78988795.0
32	1520391156.77	384.0	96875.0	191222.0	152722.0	149984.0	142478.0	151130.0	154156.0	237918.0	266617.0	31342.0	342.0	342.0	342.0	342.0	342.0	37994258.0	51798406.0
33	1520391156.78	384.0	51940.0	167014.0	121130.0	190629.0	200304.0	192616.0	242316.0	300085.0	117484.0	342.0	342.0	342.0	342.0	342.0	35055809.0	56826730.0
34	1520391156.8	384.0	92760.0	161122.0	149792.0	130271.0	164226.0	171206.0	197486.0	235011.0	160394.0	36544.0	342.0	342.0	342.0	51258831.0
35	1520391156.8	384.0	31385.0	232856.0	181640.0	169372.0	199450.0	235622.0	259255.0	140448.0	342.0	342.0	342.0	342.0	342.0	342.0	105142571.0	10124039.0
36	1520391156.84	384.0	101836.0	201858.0	234007.0	240758.0	248022.0	237916.0	256331.0	116630.0	19126.0	342.0	342.0	342.0	342.0	61082222.0
37	1520391156.88	384.0	3466.0	109728.0	246381.0	208358.0	223890.0	247622.0	322729.0	105236.0	11242.0	342.0	342.0	342.0	342.0	59769853.0
38	1520391156.95	384.0	92150.0	101358.0	124321.0	183830.0	171038.0	220680.0	304003.0	162130.0	30724.0	342.0	342.0	342.0	342.0	7018414.0	74143298.0	20226.0
39	1520391156.98	384.0	80762.0	209871.0	175074.0	193952.0	281764.0	262409.0	166386.0	53968.0	342.0	342.0	342.0	342.0	342.0	90313153.0
40	1520391156.99	384.0	6951.0	232602.0	313128.0	218894.0	264804.0	240390.0	174157.0	64278.0	8128.0	342.0	342.0	342.0	342.0	84000652.0
41	1520391156.99	384.0	69142.0	176618.0	131079.0	135856.0	124896.0	117512.0	172232.0	227202.0	443087.0	62592.0	342.0	342.0	342.0	342.0	52770603.0
42	1520391157.0	384.0	135818.0	239575.0	209334.0	180794.0	155948.0	245335.0	119552.0	43686.0	45520.0	342.0	342.0	342.0	342.0	35158092.0	40506283.0
43	1520391157.09	384.0	92328.0	214967.0	216180.0	189034.0	180172.0	196092.0	258467.0	81692.0	342.0	342.0	342.0	342.0	342.0	59208271.0
44	1520391157.12	384.0	27405.0	136327.0	158007.0	123492.0	128198.0	143152.0	169862.0	307362.0	274301.0	41912.0	342.0	342.0	342.0	342.0	55298566.0
45	1520391157.14	384.0	71564.0	187568.0	178089.0	178868.0	208542.0	215150.0	228143.0	134638.0	43114.0	342.0	342.0	342.0	342.0	20662186.0	63699664.0
46	1520391157.14	384.0	93699.0	226389.0	156594.0	179404.0	168392.0	157828.0	202750.0	222613.0	37946.0	342.0	342.0	342.0	41569122.0
47	1520391157.15	384.0	1306.0	66404.0	252404.0	179051.0	186790.0	232150.0	210267.0	160626.0	69960.0	23230.0	342.0	342.0	342.0	342.0	41545831.0	30534633.0	474.0
48	1520391157.26	384.0	33748.0	202076.0	245497.0	171894.0	184176.0	233862.0	284328.0	142859.0	11002.0	342.0	342.0	342.0	342.0	342.0	103828128.0	17440540.0
49	1520391157.29	384.0	77190.0	220680.0	209167.0	188842.0	215690.0	228558.0	261023.0	134034.0	48178.0	342.0	342.0	342.0	342.0	342.0	342.0	342.0	342.0	130930950.0	33233594.0
50	1520391157.34	384.0	65044.0	151264.0	185429.0	201948.0	159442.0	181190.0	211849.0	137120.0	73698.0	342.0	342.0	342.0	342.0	342.0	342.0	342.0	77098250.0	85310332.0
51	1520391157.41	384.0	89509.0	145869.0	140036.0	114747.0	121724.0	144882.0	164090.0	468102.0	253983.0	25960.0	342.0	342.0	342.0	342.0	342.0	38377089.0	92213091.0
52	1520391157.46	384.0	81672.0	208848.0	209573.0	189078.0	205400.0	170212.0	298351.0	130540.0	35356.0	342.0	342.0	342.0	47455484.0
53	1520391157.46	384.0	74051.0	182959.0	221297.0	211714.0	207126.0	257024.0	267291.0	84496.0	342.0	342.0	342.0	342.0	342.0
54	1520391157.48	384.0	61308.0	212065.0	178938.0	190704.0	159412.0	191124.0	270388.0	253647.0	45316.0	342.0	342.0	342.0	342.0	342.0	61059570.0
55	1520391157.5	384.0	1306.0	68318.0	258733.0	141032.0	175114.0	224706.0	252022.0	221059.0	66280.0	342.0	342.0	342.0	342.0	61177256.0
56	1520391157.51	384.0	94132.0	216776.0	201632.0	213382.0	222574.0	224663.0	150900.0	53086.0	7918.0	342.0	342.0	3245566.0	58207923.0
57	1520391157.57	384.0	50360.0	185635.0	184476.0	169982.0	177392.0	183734.0	173632.0	226369.0	81060.0	3088.0
58	1520391163.2	384.0	89350.0	509071.0	350313.0	342.0	384.0	342.0	342.0	342.0	342.0	39315313.0	102733289.0
59	1520391163.52	384.0	141310.0	580141.0	297315.0	20706.0	384.0	342.0	342.0	342.0	342.0	342.0	73785877.0	11267.0
60	1520391163.79	384.0	3520.0	438127.0	326537.0	27570.0	342.0	384.0	342.0	342.0	342.0	342.0	342.0	109443057.0	10407343.0
61	1520391173.68	342.0	614443.0	1048390.0	860737.0	50552.0	684.0	684.0	684.0	684.0	684.0	80093116.0
62	1520391175.51	342.0	450795.0	483544.0	202119.0	10784.0	855.0	513.0	684.0	11968091.0	56501616.0
