0	1517627684.27	620.0	77858740.0	91146438.0	37199195.0	8012.0
1	1517627684.28	331.0	93254791.0	100777861.0	11811093.0
2	1517627684.33	331.0	76824778.0	89312485.0	40013395.0	2312.0	11126.0
3	1517627684.36	1198.0	93181539.0	101690700.0	11687769.0	2312.0	1879.0	3076.0
4	1517627684.4	331.0	83462441.0	101309929.0	21718069.0	2312.0	2312.0	2354.0
5	1517627684.41	331.0	86217559.0	106759626.0	13642872.0	2312.0	2354.0
6	1517627684.42	1776.0	86611700.0	102173841.0	17126349.0	2312.0
7	1517627684.44	909.0	84410402.0	88819251.0	33734791.0	2601.0	2312.0
8	1517627684.45	909.0	87661962.0	105510590.0	13324451.0	2456.0	7797.0
9	1517627684.48	331.0	65115345.0	90626651.0	50382741.0
10	1517627684.49	909.0	67871721.0	97879699.0	38487115.0	3034.0
11	1517627684.5	1198.0	78147240.0	89846796.0	36495427.0
12	1517627684.5	1054.0	85092902.0	108743926.0	10381602.0
13	1517627684.51	330.0	77555556.0	89574492.0	36082754.0	1197731.0	7211.0
14	1517627684.55	331.0	86660268.0	100768776.0	18509121.0
15	1517627684.58	620.0	93292954.0	84789156.0	26079349.0	11138.0
16	1517627684.68	331.0	84944214.0	96580312.0	22234022.0
17	1517627684.7	909.0	92545350.0	101245277.0	10219465.0	2601.0
18	1517627684.71	331.0	82700526.0	91071195.0	30706350.0	6370.0
19	1517627684.73	909.0	85747294.0	109365175.0	9176934.0
20	1517627684.74	620.0	83754214.0	91294420.0	31132801.0
21	1517627684.75	620.0	79742408.0	90248778.0	38176293.0	2312.0	2602.0	2064.0
22	1517627684.75	620.0	95066616.0	101401175.0	9494777.0	1445.0
23	1517627684.75	620.0	88464034.0	108765489.0	6952571.0
24	1517627684.76	620.0	85286176.0	90579719.0	33323426.0	1156.0	10271.0
25	1517627684.77	1487.0	88425695.0	106741560.0	10743755.0	2456.0
26	1517627684.77	331.0	80435404.0	72105256.0	53249489.0	1156.0
27	1517627684.81	331.0	81394351.0	89856528.0	33401299.0
28	1517627684.82	331.0	91657034.0	102668210.0	11687649.0	2456.0
29	1517627684.85	620.0	79372386.0	83703987.0	43078662.0
30	1517627684.86	331.0	86810127.0	100225447.0	19036957.0	2601.0
31	1517627684.87	331.0	84640664.0	102933998.0	18081659.0	1879.0
32	1517627684.87	765.0	43314259.0	48558858.0	47084356.0	64505304.0	1364508.0	2354.0
33	1517627684.87	620.0	94873672.0	93648808.0	17385520.0	1783.0
34	1517627684.89	620.0	77066351.0	90334692.0	37253122.0	7671.0
35	1517627684.9	331.0	85119856.0	102473131.0	19100373.0	2890.0
36	1517627684.93	620.0	93111943.0	96669130.0	13304454.0	5942.0	1633342.0
37	1517627684.96	331.0	80362723.0	76629521.0	47317520.0	1156.0
38	1517627684.99	1487.0	85662681.0	104418708.0	13537699.0	2890.0
39	1517627684.99	476.0	80648950.0	86432784.0	40211445.0	1156.0
40	1517627685.02	909.0	77263321.0	88875357.0	38754355.0	2023.0
41	1517627685.05	331.0	94624571.0	82316454.0	27855310.0
42	1517627685.05	331.0	92768303.0	100243501.0	12603454.0	1445.0
43	1517627685.05	331.0	84263854.0	90030270.0	30640520.0	1156.0
44	1517627685.07	620.0	85948785.0	89428877.0	30313414.0
45	1517627685.09	331.0	94187321.0	93233832.0	17264604.0
46	1517627685.11	1734.0	82830160.0	88898378.0	33554793.0	2023.0
47	1517627685.12	331.0	80156129.0	90119932.0	37248773.0	1156.0	5070.0
48	1517627685.14	620.0	89885270.0	97096774.0	17372896.0	1011.0
49	1517627685.14	1198.0	91717476.0	94388403.0	18794001.0
50	1517627685.16	331.0	78627868.0	90139762.0	35115273.0
51	1517627685.17	331.0	83129675.0	90253880.0	33850789.0	1156.0	9855.0
52	1517627685.18	331.0	78796577.0	115262920.0	10798900.0
53	1517627685.18	331.0	92147152.0	103928145.0	7840289.0
54	1517627685.18	620.0	80829976.0	66527316.0	58302611.0	2023.0
55	1517627685.2	331.0	78809102.0	88097969.0	38274879.0	2312.0
56	1517627685.22	909.0	86973476.0	98927371.0	19558961.0	2311.0
57	1517627685.23	331.0	73095389.0	90407687.0	41743843.0
58	1517627685.23	331.0	78846130.0	113932614.0	12329271.0	1156.0
59	1517627685.23	620.0	84928512.0	113338058.0	5629632.0
60	1517627685.24	331.0	75394824.0	117696924.0	14244167.0	1011.0
61	1517627685.25	909.0	88218265.0	100121046.0	16573161.0	2457.0
62	1517627685.25	618.0	93262424.0	99868094.0	12064776.0
63	1517627685.26	476.0	70700454.0	91378600.0	42646184.0	2312.0
64	1517627685.28	620.0	85155216.0	92520805.0	27248706.0	6261.0
65	1517627685.29	331.0	81027927.0	79307999.0	44844507.0
66	1517627685.34	289.0	89305675.0	108117917.0	6185913.0
67	1517627685.37	331.0	90272049.0	105210731.0	8133567.0
68	1517627685.38	620.0	85581447.0	87824956.0	31480572.0
69	1517627685.39	620.0	95442588.0	57017613.0	50952845.0	1301.0
70	1517627685.39	331.0	79052573.0	90046336.0	34749387.0
71	1517627685.39	331.0	81242835.0	90309292.0	32630146.0	9855.0
72	1517627685.4	618.0	95822663.0	101276638.0	6443974.0
73	1517627685.41	620.0	77671783.0	91090514.0	35429755.0	1445.0
74	1517627685.41	331.0	79796619.0	89816732.0	34279093.0	6496.0
75	1517627685.43	1632.0	93033683.0	101859299.0	9034166.0
76	1517627685.46	331.0	73033119.0	76655610.0	56309480.0	1156.0
77	1517627685.49	618.0	92115886.0	102480884.0	9354030.0
78	1517627685.54	331.0	91473624.0	100606991.0	13495208.0
79	1517627685.58	909.0	91336348.0	102773399.0	9645344.0
80	1517627685.59	331.0	93806783.0	95141802.0	17216567.0	1156.0
81	1517627685.6	909.0	84654898.0	103584437.0	17895272.0	2456.0
82	1517627685.6	331.0	76417928.0	86671120.0	41255342.0	1156.0
83	1517627685.62	620.0	95971458.0	98475991.0	9682945.0	1011.0
84	1517627685.66	331.0	96076765.0	66300072.0	41329541.0	9999.0
85	1517627685.74	331.0	82339810.0	87897288.0	33721592.0
86	1517627685.74	331.0	94215094.0	101422350.0	8281886.0
87	1517627685.74	620.0	82687500.0	90173474.0	31067769.0
88	1517627685.76	331.0	67768548.0	89430492.0	46434752.0	1156.0
89	1517627685.77	331.0	76222179.0	91118078.0	36816888.0
90	1517627685.78	620.0	86183060.0	82347336.0	36195314.0	867.0
91	1517627685.78	331.0	82773363.0	89050990.0	32929588.0	578.0
92	1517627685.79	331.0	64474088.0	48163565.0	82276871.0	8913201.0
93	1517627685.8	620.0	96282604.0	101989962.0	5887281.0
94	1517627685.83	331.0	79564971.0	90380778.0	35873280.0	1156.0
95	1517627685.84	331.0	84819746.0	106336925.0	12717920.0	9801.0
96	1517627685.87	620.0	85523669.0	90499616.0	27737402.0
97	1517627685.9	620.0	72000781.0	70268447.0	61698032.0
98	1517627685.91	1198.0	78562789.0	86018939.0	39621359.0
99	1517627685.92	331.0	86445695.0	83732163.0	35657491.0	578.0
100	1517627685.96	330.0	71813288.0	89807820.0	42538784.0
101	1517627686.01	331.0	87726630.0	109202870.0	7460885.0
102	1517627686.01	620.0	92628012.0	102109343.0	8874024.0
103	1517627686.04	620.0	89117964.0	104903146.0	9493682.0
104	1517627686.04	1343.0	84828897.0	111417445.0	7337586.0
105	1517627686.05	620.0	90986166.0	100900218.0	12408254.0
106	1517627686.21	331.0	70617414.0	90284410.0	46301465.0	578.0
107	1517627686.25	331.0	87158707.0	90242992.0	26689507.0
108	1517627686.26	331.0	97224063.0	102148247.0	4158326.0	4762.0	578.0
109	1517627686.26	331.0	67656323.0	90167092.0	46457703.0	578.0
110	1517627686.3	331.0	95119800.0	104161042.0	4540805.0	9223.0	578.0
111	1517627686.3	331.0	74590833.0	90431342.0	41102693.0	578.0
112	1517627686.32	331.0	86227576.0	90250532.0	27680499.0	9115.0
113	1517627686.34	331.0	94451563.0	104892014.0	5503107.0
114	1517627686.34	331.0	87612999.0	104565159.0	11619840.0	578.0
115	1517627686.35	331.0	82926812.0	116174338.0	5692548.0	578.0
116	1517627686.37	331.0	81197735.0	90240408.0	34541929.0	578.0
117	1517627686.4	331.0	87085408.0	99410785.0	18184786.0	578.0
118	1517627686.41	331.0	98239311.0	101110296.0	6698323.0	578.0
119	1517627686.41	331.0	77888893.0	78824993.0	47920480.0
120	1517627686.41	331.0	86949419.0	90266812.0	27381893.0
121	1517627686.41	331.0	87421132.0	90380173.0	27197055.0	578.0
122	1517627686.42	330.0	87471431.0	90413476.0	27215907.0
123	1517627686.45	331.0	97435977.0	90742769.0	16112908.0	4492.0
124	1517627686.47	330.0	92507810.0	100021107.0	11158488.0
125	1517627686.51	331.0	86733995.0	82883423.0	36643431.0
126	1517627686.54	331.0	78811984.0	84958434.0	41494069.0	578.0
127	1517627686.55	331.0	74542809.0	90251178.0	39098527.0	4708.0
128	1517627686.56	331.0	69333456.0	117695047.0	17108407.0
129	1517627686.56	331.0	81407373.0	90149982.0	33817391.0	916.0
130	1517627686.59	331.0	87755629.0	90095728.0	30199483.0	578.0	4492.0
131	1517627686.6	331.0	97763257.0	102026671.0	3919588.0
132	1517627686.6	331.0	79753622.0	74759322.0	49847165.0	578.0
133	1517627686.61	331.0	97705101.0	92735413.0	15876728.0	578.0
134	1517627686.61	331.0	81997521.0	90065845.0	31653489.0
135	1517627686.62	331.0	92877117.0	89228111.0	23601312.0	578.0
136	1517627686.62	331.0	98216168.0	101147230.0	4905283.0	578.0
137	1517627686.67	331.0	84624611.0	112291595.0	7487301.0
138	1517627686.69	331.0	75232058.0	111332551.0	16809984.0
139	1517627686.74	331.0	85013906.0	92138963.0	28848161.0
140	1517627686.74	331.0	91371460.0	107775781.0	4149100.0
141	1517627686.74	331.0	98088322.0	101298171.0	5053465.0
142	1517627686.74	331.0	97957148.0	93418667.0	12859972.0
143	1517627686.78	331.0	86157973.0	89988224.0	28292018.0
144	1517627686.79	331.0	98235250.0	100964023.0	4521484.0
145	1517627686.8	331.0	98075732.0	92132083.0	14343309.0
146	1517627686.82	331.0	98315672.0	101723549.0	3808541.0	578.0
147	1517627686.83	331.0	98109262.0	83395850.0	22564146.0
148	1517627686.83	331.0	73856060.0	83310763.0	48837935.0	578.0
149	1517627686.84	331.0	96074984.0	102795419.0	6156863.0	578.0
150	1517627686.84	331.0	82918223.0	86346102.0	35544844.0	578.0
151	1517627686.85	331.0	85884706.0	88770222.0	30008772.0	578.0
152	1517627686.85	331.0	94967586.0	87418579.0	21354031.0	578.0
153	1517627686.86	331.0	98209823.0	101446759.0	4375221.0
154	1517627686.86	331.0	80989895.0	89687126.0	34048252.0
155	1517627686.88	331.0	77846793.0	83399749.0	43297578.0
156	1517627686.9	331.0	79939782.0	83673333.0	41906924.0	578.0
157	1517627686.9	331.0	65582067.0	90345521.0	48604522.0	578.0
158	1517627686.9	331.0	97097580.0	99194860.0	7739909.0
159	1517627686.91	331.0	91293020.0	107658018.0	4877145.0
160	1517627686.93	331.0	94829447.0	99974504.0	8162312.0	1850.0	1182234.0
161	1517627686.94	331.0	82372695.0	117213614.0	4621547.0
162	1517627687.1	331.0	83890717.0	88898798.0	30591990.0	595158.0
163	1517627687.12	331.0	95214807.0	97353684.0	12553231.0	578.0
164	1517627687.13	331.0	79508791.0	90237296.0	35932170.0
165	1517627687.14	331.0	87958145.0	89351194.0	27660964.0	578.0
166	1517627687.14	331.0	83113845.0	102208265.0	18386780.0	578.0
167	1517627687.14	331.0	75586033.0	93723805.0	34142103.0	578.0
168	1517627687.14	331.0	98212166.0	101387940.0	3889425.0
169	1517627687.17	331.0	91041516.0	99504812.0	13796494.0
170	1517627687.2	331.0	86630157.0	90208432.0	28846262.0	578.0
171	1517627687.2	331.0	75902344.0	88791579.0	40784099.0
172	1517627687.21	331.0	91303496.0	107533038.0	7094360.0
173	1517627687.21	331.0	82240023.0	90119252.0	31471473.0
174	1517627687.21	331.0	82008251.0	73771743.0	48155061.0
175	1517627687.25	331.0	78410271.0	120856806.0	3695234.0	492975.0
176	1517627687.26	331.0	97430444.0	101894954.0	4348356.0
177	1517627687.27	331.0	85967269.0	89937222.0	28503578.0	578.0
178	1517627687.28	331.0	96971362.0	93051945.0	15628064.0
179	1517627687.28	331.0	78035301.0	85793961.0	45018557.0	578.0	578.0
180	1517627687.33	331.0	87714429.0	111536387.0	6081640.0
181	1517627687.36	331.0	83414332.0	86192470.0	38343622.0	578.0	578.0
182	1517627687.41	331.0	98332915.0	92662426.0	12541055.0
183	1517627687.42	331.0	81626181.0	89679770.0	34069185.0	578.0
184	1517627687.42	331.0	98097406.0	90061755.0	14903614.0	2910698.0	620.0
185	1517627687.42	331.0	86644239.0	89782050.0	27314589.0
186	1517627687.42	331.0	94408848.0	101229625.0	7733633.0
187	1517627687.43	331.0	92558465.0	106706411.0	6243100.0	9169.0
188	1517627687.44	331.0	98158124.0	95757893.0	578.0	9317329.0	2834608.0	620.0
189	1517627687.44	331.0	83154655.0	116185813.0	5654532.0
190	1517627687.47	331.0	72999941.0	88142157.0	42546581.0
191	1517627687.48	331.0	98717723.0	100528939.0	5636491.0	5485.0
192	1517627687.49	331.0	80492270.0	90155863.0	32925499.0
193	1517627687.5	331.0	91918541.0	96431933.0	16479985.0	578.0
194	1517627687.5	331.0	87431183.0	90283678.0	26206209.0	578.0
195	1517627687.51	331.0	94300627.0	105178744.0	4117336.0
196	1517627687.52	331.0	90463948.0	108981486.0	3687103.0
197	1517627687.52	331.0	97835687.0	97340898.0	8125626.0
198	1517627687.53	331.0	71454681.0	125062482.0	7120432.0
199	1517627687.53	331.0	74679583.0	90526212.0	38402327.0	4762.0
200	1517627687.54	331.0	81773635.0	90170432.0	31593302.0
201	1517627687.54	331.0	79905628.0	118864967.0	4680957.0	9223.0
202	1517627687.55	331.0	98324750.0	83390830.0	21344646.0
203	1517627687.57	331.0	98276626.0	95651004.0	9506105.0
204	1517627687.57	331.0	93709862.0	105219958.0	5799264.0
205	1517627687.59	331.0	98360354.0	91266310.0	13876132.0
206	1517627687.6	331.0	82866132.0	114650844.0	5516332.0	578.0
207	1517627738.47	289.0	88938865.0	106430002.0	9904106.0
