0	1520551805.13	774.0	22518.0	684.0	684.0	684.0	684.0	684.0	30315096.0	91662968.0
1	1520551805.16	342.0	26252.0	1026.0	1026.0	1026.0	1026.0	1026.0	1026.0	56244544.0	61275207.0
2	1520551805.21	340.0	30416.0	680.0	765.0	595.0	680.0	680.0	680.0	7008952.0	81723863.0
3	1520551805.22	342.0	26042.0	684.0	684.0	684.0	684.0	684.0	110296.0	73244641.0
4	1520551805.24	720.0	7652.0	684.0	684.0	684.0	684.0	684.0	66088637.0
5	1520551805.29	792.0	4751.0	855.0	684.0	684.0	684.0	46597100.0
6	1520551805.29	774.0	32400.0	684.0	684.0	684.0	684.0	684.0	55399404.0
7	1520551805.36	342.0	10112.0	1026.0	1026.0	1026.0	1026.0	1026.0	29470326.0	83472161.0
8	1520551805.37	342.0	18576.0	684.0	684.0	684.0	684.0	24714708.0	91636035.0
9	1520551805.42	558.0	17768.0	684.0	684.0	684.0	684.0	684.0	684.0	81648810.0
10	1520551805.45	684.0	4303.0	855.0	513.0	684.0	855.0	599.0	598.0	80603287.0
11	1520551805.59	342.0	20038.0	684.0	684.0	684.0	684.0	684.0	76451746.0
12	1520551805.63	558.0	15866.0	1026.0	1026.0	1026.0	1026.0	33111493.0
13	1520551805.65	396.0	34390.0	684.0	684.0	684.0	684.0	684.0	21433862.0	81670522.0
14	1520551805.66	558.0	6454.0	684.0	684.0	684.0	684.0	684.0	103544987.0
15	1520551805.68	612.0	17632.0	684.0	684.0	684.0	684.0	684.0	684.0	97971451.0
16	1520551805.74	342.0	11458.0	684.0	855.0	684.0	513.0	684.0	41931811.0	90493478.0
17	1520551805.75	342.0	15154.0	684.0	684.0	684.0	684.0	684.0	7003121.0	90632819.0
18	1520551805.76	504.0	27158.0	684.0	684.0	684.0	684.0	684.0	684.0	17977077.0	90977249.0	32689018.0
19	1520551805.79	342.0	4160.0	1026.0	1026.0	1026.0	1026.0	6474817.0	86840589.0
20	1520551805.84	558.0	6574.0	684.0	684.0	684.0	684.0	51076189.0
21	1520551805.88	342.0	4820.0	684.0	855.0	513.0	684.0
22	1520551805.98	342.0	22140.0	684.0	684.0	684.0	684.0	38920717.0
23	1520551806.01	504.0	16210.0	684.0	684.0	684.0	684.0	4150103.0	90924366.0
24	1520551806.04	450.0	23632.0	598.0	684.0	684.0	684.0	684.0	28554615.0	60643795.0
25	1520551806.04	504.0	6508.0	684.0	684.0	684.0	684.0	66373471.0
26	1520551806.09	342.0	2956.0	684.0	684.0	35697435.0
27	1520551806.11	504.0	4528.0	684.0	684.0	684.0	684.0	66657035.0
28	1520551806.16	342.0	6244.0	684.0	684.0	684.0	684.0	80247131.0
29	1520551806.2	612.0	14758.0	684.0	684.0	684.0	684.0	38885677.0	35388490.0
30	1520551806.27	666.0	5056.0	342.0	342.0	342.0	342.0	342.0	92480967.0
31	1520551806.28	342.0	7094.0	684.0	684.0	684.0	684.0	10949629.0	91184429.0
32	1520551806.54	342.0	3658.0	342.0	342.0	342.0	68762267.0
33	1520551806.57	612.0	11548.0	342.0	342.0	342.0	342.0	342.0	112688365.0
34	1520551806.6	340.0	31402.0	340.0	340.0	340.0	340.0	41261711.0
35	1520551806.6	450.0	9408.0	342.0	342.0	342.0	342.0	342.0	65961766.0
36	1520551806.68	504.0	9532.0	342.0	342.0	342.0	17256595.0
37	1520551806.72	342.0	3922.0	342.0	342.0	342.0	30426151.0
38	1520551806.73	342.0	11972.0	342.0	342.0	342.0	342.0	11895561.0
39	1520551806.77	504.0	2924.0	342.0	342.0	342.0	40252479.0
40	1520551806.77	342.0	5506.0	342.0	342.0	2907215.0	55936640.0
41	1520551806.78	612.0	11974.0	342.0	342.0	342.0	24840609.0
42	1520551806.83	342.0	17596.0	342.0	342.0	342.0	342.0	77368399.0
43	1520551806.87	342.0	3526.0	342.0	342.0	342.0	82791921.0
44	1520551806.88	666.0	13690.0	342.0	342.0	342.0	342.0	41202488.0
45	1520551806.89	342.0	2924.0	342.0	342.0	342.0	16443349.0	58230329.0
46	1520551806.99	396.0	6850.0	342.0	342.0	342.0	342.0	35263243.0
47	1520551807.01	666.0	2462.0	342.0	342.0	41153086.0
48	1520551807.09	342.0	4742.0	342.0	342.0	342.0	342.0	54564910.0
49	1520551807.11	666.0	4384.0	342.0	342.0	342.0	342.0	51475009.0
50	1520551807.13	342.0	10282.0	342.0	342.0	342.0	342.0	55142518.0
51	1520551807.15	342.0	8062.0	342.0	342.0	342.0	342.0	342.0	87562179.0
52	1520551807.21	342.0	25402.0	342.0	342.0	342.0	342.0	342.0	342.0	342.0	74894587.0
53	1520551807.28	340.0	21240.0	340.0	340.0	340.0	340.0	340.0	340.0	48263451.0	91804385.0
54	1520551807.29	342.0	2338.0	342.0	342.0	342.0	62550267.0
55	1520551807.3	342.0	7090.0	342.0	342.0	342.0	342.0	342.0	60164447.0	85078759.0
56	1520551807.33	612.0	5518.0	342.0	342.0	342.0	342.0
57	1520551807.4	396.0	3736.0	342.0	342.0	342.0	8002579.0
58	1520551807.41	558.0	2734.0	342.0	342.0	342.0	60514555.0
59	1520551807.49	342.0	2824.0
60	1520551807.5	504.0	1876.0	342.0	342.0	342.0
61	1520551819.07	504.0	4144.0	1026.0	1026.0	1026.0	37398866.0
62	1520551820.29	342.0	22968.0	684.0	684.0	684.0	684.0	684.0	38118029.0
