0	1520391155.9	331.0	51008758.0	47824117.0	24123432.0	21327130.0	21801362.0	30040514.0	11897198.0	6516453.0	8288488.0	4862264.0	578.0	578.0	578.0	578.0	578.0	811149.0	206733.0	13954.0
1	1520391155.92	330.0	47537543.0	26491810.0	13314237.0	12738540.0	14427044.0	11991340.0	15028240.0	37258548.0	17170942.0	30969614.0	576.0	576.0	576.0	576.0	576.0	569369.0	763867.0
2	1520391155.93	331.0	56729984.0	36253687.0	18319354.0	18540416.0	34996912.0	36300934.0	14269103.0	3116694.0	3095228.0	4094538.0	578.0	578.0	578.0	578.0	711214.0	1146192.0
3	1520391155.93	331.0	59829350.0	50990219.0	34621640.0	33358298.0	30718646.0	12730862.0	7134413.0	578.0	578.0	578.0	578.0	578.0	578.0	578.0	1172506.0
4	1520391155.97	331.0	52272701.0	38978512.0	18792258.0	21006565.0	26332744.0	23271904.0	24999449.0	12143933.0	10781787.0	578.0	578.0	578.0	578.0	578.0	578.0	781316.0	1427270.0
5	1520391155.97	331.0	57714330.0	34104637.0	15043092.0	17070749.0	20535475.0	20821790.0	25173159.0	17626874.0	9629731.0	11023607.0	578.0	578.0	578.0	578.0	578.0	441708.0	1347308.0
6	1520391155.97	331.0	48370945.0	26979756.0	11314075.0	11024061.0	16566812.0	21739006.0	26806654.0	29142219.0	26995660.0	9904401.0	578.0	578.0	578.0	578.0	578.0	578.0	1402108.0	709060.0
7	1520391155.98	331.0	59696805.0	51794336.0	22874838.0	20907253.0	28653161.0	21357044.0	13965722.0	4575768.0	1804509.0	578.0	578.0	578.0	578.0	578.0	1143242.0
8	1520391155.99	331.0	57791294.0	56101177.0	27956798.0	27540425.0	29106848.0	16546116.0	5141297.0	4048261.0	2702401.0	578.0	578.0	578.0	578.0	578.0	1899573.0
9	1520391156.02	331.0	58953596.0	63866219.0	23255027.0	24794447.0	26241734.0	15131598.0	3283405.0	2069510.0	1926757.0	8541717.0	578.0	578.0	578.0	578.0	578.0	434033.0	208303.0
10	1520391156.03	331.0	71604791.0	47927498.0	25519219.0	17346973.0	16110151.0	14648051.0	12217260.0	14577827.0	7288440.0	578.0	578.0	578.0	578.0	578.0	578.0	1144642.0
11	1520391156.04	331.0	59395352.0	61546350.0	28867705.0	24341314.0	21513449.0	10444236.0	9989866.0	5001035.0	2978422.0	3073446.0	578.0	578.0	578.0	578.0	578.0	665879.0	186583.0
12	1520391156.04	331.0	38795221.0	34512037.0	17105665.0	12654332.0	18452482.0	36638996.0	43517425.0	20294853.0	6507371.0	578.0	578.0	578.0	578.0	578.0	681078.0	983006.0
13	1520391156.06	330.0	46000320.0	27982835.0	21371512.0	24083249.0	23071267.0	26322673.0	29431777.0	22454962.0	6219881.0	576.0	576.0	576.0	576.0	576.0	84460.0	1598475.0	373999.0
14	1520391156.06	331.0	50978688.0	36133931.0	24606652.0	23634621.0	22279952.0	27129849.0	25915627.0	9515598.0	3162012.0	3189096.0	578.0	578.0	578.0	578.0	578.0	62968.0	2156640.0	1106082.0
15	1520391156.12	331.0	45691725.0	40467367.0	23403873.0	25967517.0	17502409.0	20790801.0	29375353.0	14384258.0	5373745.0	2884797.0	578.0	578.0	578.0	578.0	223600.0	860074.0
16	1520391156.18	331.0	35097302.0	46347630.0	21913960.0	16740612.0	20241090.0	21592918.0	20603388.0	23198089.0	17580961.0	1843644.0	578.0	578.0	578.0	578.0	578.0	966233.0	53739.0
17	1520391156.24	331.0	37899093.0	37970034.0	19486482.0	25359482.0	43695801.0	24600263.0	15059970.0	11342223.0	10452619.0	578.0	578.0	578.0	578.0	1044501.0
18	1520391156.29	331.0	26151582.0	47738124.0	23836018.0	26621245.0	34256323.0	36301003.0	17742002.0	14784652.0	578.0	578.0	578.0	578.0	578.0	1745318.0
19	1520391156.3	331.0	25267892.0	32892124.0	15562081.0	13530290.0	15113537.0	12041472.0	22499905.0	39279343.0	39452168.0	8826503.0	1560908.0	578.0	578.0	578.0	578.0	365858.0	1690856.0
20	1520391156.31	331.0	30377671.0	38528753.0	17348002.0	22126195.0	17117576.0	18589836.0	19991438.0	19648234.0	25398956.0	16200059.0	578.0	578.0	578.0	578.0	946509.0
21	1520391156.36	331.0	1219815.0	25567713.0	16434114.0	19500917.0	18136237.0	17651326.0	18277110.0	25307141.0	58608690.0	18196790.0	8241539.0	578.0	578.0	578.0	578.0	578.0	1052700.0	1393256.0
22	1520391156.4	331.0	39855630.0	43167956.0	25756453.0	24305209.0	32516236.0	35536663.0	18246254.0	4909568.0	3864969.0	578.0	578.0	578.0	578.0	578.0	578.0	509552.0	2051775.0	498535.0
23	1520391156.45	331.0	16364422.0	36398202.0	20173370.0	22215615.0	31585491.0	34971023.0	41337620.0	19247429.0	2646114.0	578.0	578.0	705766.0
24	1520391156.45	331.0	7626374.0	21001147.0	12120391.0	14416524.0	19971413.0	26667483.0	22347663.0	34816603.0	54765012.0	10412440.0	1650572.0	578.0	578.0	578.0	578.0	774268.0
25	1520391156.47	331.0	21876850.0	41738223.0	13811564.0	18647348.0	25701661.0	26444244.0	20176830.0	24824745.0	26644827.0	8080242.0	578.0	578.0	578.0	578.0	578.0	578.0	785423.0	602387.0
26	1520391156.51	331.0	13696796.0	33739816.0	18888194.0	25382928.0	44357128.0	35054079.0	38782971.0	13528017.0	1978148.0	578.0	578.0	578.0	578.0	942547.0
27	1520391156.53	331.0	10493871.0	20904522.0	10070416.0	8908528.0	9027221.0	8889586.0	8736512.0	12281031.0	47884679.0	76846058.0	12406717.0	578.0	578.0	578.0	578.0	965814.0	811852.0
28	1520391156.59	331.0	20552323.0	42982796.0	24309321.0	19719647.0	24847387.0	27011938.0	35851372.0	26116674.0	5355377.0	578.0	578.0	578.0	578.0	578.0	1123381.0
29	1520391156.63	331.0	10113328.0	60287226.0	36819925.0	38167407.0	33923808.0	25911406.0	13794697.0	3987635.0	2012819.0	578.0	578.0	578.0	253902.0
30	1520391156.64	331.0	35766936.0	52693188.0	38731205.0	47813801.0	38123659.0	9261824.0	3430617.0	578.0	578.0	578.0	578.0	578.0	447714.0	1306219.0
31	1520391156.77	331.0	15332257.0	26072021.0	17729250.0	17214868.0	16340644.0	16523553.0	22006561.0	46304369.0	40624582.0	8822682.0	578.0	578.0	578.0	578.0	578.0	578.0	1190799.0
32	1520391156.77	331.0	10802442.0	28025345.0	19934448.0	19865564.0	17990113.0	20398380.0	21068918.0	38203168.0	46798397.0	6103079.0	578.0	578.0	578.0	578.0	578.0	530562.0	995754.0
33	1520391156.78	331.0	3403208.0	25298576.0	14001284.0	23508508.0	27132266.0	25473565.0	34509827.0	48898551.0	25474576.0	578.0	578.0	578.0	578.0	578.0	231898.0	431940.0
34	1520391156.8	331.0	9552365.0	23331170.0	20306169.0	18239747.0	25722609.0	28342747.0	29748284.0	36027527.0	27621116.0	6845978.0	578.0	578.0	578.0	1071887.0
35	1520391156.8	331.0	621836.0	40315090.0	29030828.0	22279577.0	26057215.0	36089836.0	46686675.0	26096833.0	578.0	578.0	578.0	578.0	578.0	578.0	1112697.0	75147.0
36	1520391156.84	331.0	11424840.0	29233568.0	29209934.0	31956884.0	32530606.0	33187916.0	36525365.0	18329294.0	3992875.0	578.0	578.0	578.0	578.0	800483.0
37	1520391156.88	331.0	5623.0	12197022.0	39424372.0	27862613.0	31611663.0	38011509.0	55091787.0	19372514.0	1917390.0	578.0	578.0	578.0	578.0	1007629.0
38	1520391156.95	331.0	10639384.0	14285122.0	16333575.0	29612927.0	26014974.0	38195473.0	54417715.0	30715974.0	6195456.0	578.0	578.0	578.0	578.0	129042.0	1174162.0	48554.0
39	1520391156.98	331.0	7572324.0	37629353.0	27224554.0	27690846.0	47973894.0	43289591.0	24264942.0	11157299.0	578.0	578.0	578.0	578.0	578.0	1264622.0
40	1520391156.99	331.0	7289.0	36509006.0	50285276.0	30806515.0	40424416.0	34756416.0	23148037.0	7903734.0	1634840.0	578.0	578.0	578.0	578.0	1171534.0
41	1520391156.99	331.0	5541239.0	23856832.0	14535395.0	18242125.0	15517884.0	14890400.0	24287609.0	33431489.0	67942842.0	8476883.0	578.0	578.0	578.0	578.0	818550.0
42	1520391157.0	331.0	16798017.0	41668348.0	35172861.0	26577158.0	24783065.0	45749909.0	19818713.0	6219674.0	8539280.0	578.0	578.0	578.0	578.0	739422.0	753106.0
43	1520391157.09	331.0	9497738.0	38341100.0	36145442.0	27686907.0	25754346.0	33877978.0	42211201.0	13136897.0	578.0	578.0	578.0	578.0	578.0	1064422.0
44	1520391157.12	331.0	360617.0	19774850.0	18610227.0	15158414.0	13800119.0	19826666.0	24929105.0	55338318.0	51044536.0	7411490.0	578.0	578.0	578.0	578.0	320644.0
45	1520391157.14	331.0	6984216.0	30482288.0	23642378.0	26689248.0	33001544.0	34979025.0	37308019.0	25926385.0	8213287.0	578.0	578.0	578.0	578.0	416718.0	887031.0
46	1520391157.14	331.0	11651059.0	36653369.0	22791177.0	27288280.0	26620947.0	23098742.0	31133247.0	39485636.0	6162394.0	578.0	578.0	578.0	1064386.0
47	1520391157.15	331.0	1927.0	6261860.0	42703594.0	28775467.0	31553589.0	35658852.0	35204422.0	28514511.0	11189281.0	5505877.0	578.0	578.0	578.0	578.0	559969.0	607783.0	1520.0
48	1520391157.26	331.0	925533.0	31242363.0	36965617.0	22442184.0	24300609.0	34209972.0	46532078.0	27280172.0	2816072.0	578.0	578.0	578.0	578.0	578.0	673200.0	308498.0
49	1520391157.29	331.0	6653873.0	35713052.0	30506361.0	26826113.0	30814537.0	31116693.0	39122925.0	20402016.0	8511179.0	578.0	578.0	578.0	578.0	578.0	578.0	578.0	578.0	2391386.0	692408.0
50	1520391157.34	331.0	6352375.0	25449537.0	29104694.0	35190137.0	24531137.0	28176817.0	36676514.0	26586849.0	15026936.0	578.0	578.0	578.0	578.0	578.0	578.0	578.0	1910434.0	2233692.0
51	1520391157.41	331.0	9280640.0	18900056.0	16252082.0	13521235.0	14395093.0	19466675.0	21357365.0	67943240.0	39821501.0	5448932.0	578.0	578.0	578.0	578.0	578.0	841798.0	2175506.0
52	1520391157.46	331.0	8433272.0	30169752.0	30230738.0	23612392.0	29581777.0	26943154.0	54840104.0	15781501.0	5121914.0	578.0	578.0	578.0	731270.0
53	1520391157.46	331.0	7169129.0	26198346.0	32871762.0	31430094.0	32550293.0	40295019.0	40911968.0	15079119.0	578.0	578.0	578.0	578.0	578.0
54	1520391157.48	331.0	4350158.0	32113211.0	23748829.0	23872945.0	20717171.0	28984789.0	40282810.0	45109265.0	5899284.0	578.0	578.0	578.0	578.0	578.0	312930.0
55	1520391157.5	331.0	1927.0	6791322.0	41132348.0	20099915.0	26023962.0	32293780.0	45030223.0	40509080.0	13230955.0	578.0	578.0	578.0	578.0	1162708.0
56	1520391157.51	331.0	12102888.0	33892358.0	30761027.0	32372340.0	38918501.0	37359669.0	27072775.0	10535677.0	1488824.0	578.0	578.0	578.0	1500184.0
57	1520391157.57	331.0	2924447.0	31322215.0	28278383.0	27832206.0	28939575.0	27741833.0	23868336.0	40662747.0	12706512.0	255770.0
58	1520391163.2	331.0	9882404.0	113561376.0	103446923.0	578.0	578.0	620.0	578.0	578.0	578.0	604370.0	1722342.0
59	1520391163.52	331.0	25278019.0	125756056.0	72780133.0	3788599.0	620.0	578.0	578.0	578.0	578.0	578.0	1236072.0	27536.0
60	1520391163.79	331.0	5677.0	89546525.0	130202453.0	7755731.0	578.0	620.0	578.0	578.0	578.0	578.0	578.0	1988805.0	243621.0
61	1520391173.68	289.0	59975887.0	90074962.0	73472924.0	6480432.0	1156.0	1156.0	1156.0	1156.0	1156.0	2072449.0
62	1520391175.51	289.0	85916855.0	102161029.0	34920478.0	1783143.0	1156.0	1156.0	1156.0	1156.0	1335714.0
