0	1520551805.13	667.0	2901375.0	1156.0	1156.0	1156.0	1156.0	1156.0	718324.0	2012275.0
1	1520551805.16	289.0	3703768.0	1734.0	1734.0	1734.0	1734.0	1734.0	1734.0	1241324.0	1431087.0
2	1520551805.21	288.0	4809633.0	1152.0	1152.0	1152.0	1152.0	1152.0	1152.0	64266.0	1813631.0
3	1520551805.22	289.0	3703614.0	1156.0	1156.0	1156.0	1156.0	1156.0	1156.0	1570797.0
4	1520551805.24	667.0	2287246.0	1156.0	1156.0	1156.0	1156.0	1156.0	1163829.0
5	1520551805.29	686.0	1187021.0	1156.0	1734.0	867.0	1301.0	802814.0
6	1520551805.29	721.0	4139785.0	1156.0	1156.0	1156.0	1156.0	1156.0	1165466.0
7	1520551805.36	289.0	2935953.0	1734.0	1734.0	1734.0	1734.0	1734.0	187055.0	1567136.0
8	1520551805.37	289.0	2889204.0	1156.0	1156.0	1156.0	1156.0	272380.0	1278721.0
9	1520551805.42	505.0	4234686.0	1156.0	1156.0	1156.0	1156.0	1156.0	1156.0	936902.0
10	1520551805.45	578.0	1351824.0	1156.0	1156.0	1445.0	1156.0	867.0	1156.0	555609.0
11	1520551805.59	289.0	3026490.0	1156.0	1156.0	1156.0	1156.0	1156.0	1183369.0
12	1520551805.63	505.0	3916124.0	1734.0	1734.0	1734.0	1734.0	322648.0
13	1520551805.65	343.0	4254636.0	1156.0	1156.0	1156.0	1156.0	1156.0	289344.0	1479131.0
14	1520551805.66	505.0	2247317.0	1156.0	1156.0	1156.0	1156.0	1156.0	1400971.0
15	1520551805.68	559.0	4103613.0	1156.0	1156.0	1156.0	1156.0	1156.0	1156.0	753908.0
16	1520551805.74	289.0	2116293.0	1156.0	1156.0	1156.0	1156.0	1156.0	862092.0	1839559.0
17	1520551805.75	289.0	2569459.0	1445.0	1156.0	1156.0	1156.0	1156.0	99630.0	2127323.0
18	1520551805.76	451.0	3855386.0	1156.0	1156.0	1156.0	1156.0	1156.0	1156.0	307688.0	1849730.0	675893.0
19	1520551805.79	289.0	835769.0	1734.0	1734.0	1734.0	1734.0	1734.0	1126587.0
20	1520551805.84	505.0	1451190.0	1156.0	1156.0	1156.0	1156.0	929313.0
21	1520551805.88	289.0	1451806.0	1156.0	1156.0	1156.0	1156.0
22	1520551805.98	289.0	3200801.0	1156.0	1156.0	1156.0	1156.0	675304.0
23	1520551806.01	451.0	2570288.0	1156.0	1156.0	1156.0	1156.0	5206.0	1582748.0
24	1520551806.04	397.0	3536157.0	1156.0	1156.0	1156.0	1156.0	1156.0	489678.0	1099563.0
25	1520551806.04	451.0	1416959.0	1156.0	1156.0	1156.0	1156.0	1041675.0
26	1520551806.09	289.0	456631.0	1156.0	1156.0	676715.0
27	1520551806.11	451.0	1137847.0	1156.0	1156.0	1156.0	1156.0	1126768.0
28	1520551806.16	289.0	1507872.0	1156.0	1156.0	1156.0	1156.0	1194582.0
29	1520551806.2	559.0	2362267.0	1156.0	1156.0	1156.0	1156.0	718776.0	530069.0
30	1520551806.27	613.0	1462794.0	578.0	578.0	578.0	578.0	578.0	702662.0
31	1520551806.28	289.0	1533525.0	1156.0	1156.0	1156.0	1156.0	185618.0	1647183.0
32	1520551806.54	289.0	825355.0	578.0	578.0	578.0	878831.0
33	1520551806.57	559.0	2886039.0	578.0	578.0	578.0	578.0	578.0	953679.0
34	1520551806.6	288.0	3862863.0	576.0	576.0	576.0	576.0	721698.0
35	1520551806.6	397.0	2493605.0	578.0	578.0	578.0	578.0	578.0	773065.0
36	1520551806.68	451.0	1888796.0	578.0	578.0	578.0	387262.0
37	1520551806.72	289.0	1168300.0	578.0	578.0	578.0	586516.0
38	1520551806.73	289.0	3261725.0	578.0	578.0	578.0	578.0	116248.0
39	1520551806.77	451.0	663676.0	578.0	578.0	578.0	713862.0
40	1520551806.77	289.0	1381211.0	578.0	578.0	578.0	933387.0
41	1520551806.78	559.0	2104247.0	578.0	578.0	578.0	584224.0
42	1520551806.83	289.0	2553680.0	578.0	578.0	578.0	578.0	1326774.0
43	1520551806.87	289.0	1109618.0	578.0	578.0	578.0	727691.0
44	1520551806.88	613.0	2330338.0	578.0	578.0	578.0	578.0	561193.0
45	1520551806.89	289.0	1063064.0	578.0	578.0	578.0	291750.0	745607.0
46	1520551806.99	343.0	2172108.0	578.0	578.0	578.0	578.0	458202.0
47	1520551807.01	613.0	570306.0	578.0	578.0	922183.0
48	1520551807.09	289.0	1829123.0	578.0	578.0	578.0	578.0	525947.0
49	1520551807.11	613.0	1169820.0	578.0	578.0	578.0	578.0	908027.0
50	1520551807.13	289.0	2952228.0	578.0	578.0	578.0	578.0	404409.0
51	1520551807.15	289.0	2352327.0	578.0	578.0	578.0	578.0	578.0	1223649.0
52	1520551807.21	289.0	5255022.0	578.0	578.0	578.0	578.0	578.0	578.0	578.0	1366940.0
53	1520551807.28	288.0	2906636.0	576.0	576.0	576.0	576.0	576.0	576.0	1080568.0	1995153.0
54	1520551807.29	289.0	347284.0	578.0	578.0	578.0	1096399.0
55	1520551807.3	289.0	1779499.0	578.0	578.0	578.0	578.0	578.0	1144372.0	1924035.0
56	1520551807.33	559.0	2122902.0	578.0	578.0	578.0	578.0
57	1520551807.4	343.0	662236.0	578.0	578.0	578.0	13216.0
58	1520551807.41	505.0	569748.0	578.0	578.0	578.0	1305853.0
59	1520551807.49	289.0	256025.0
60	1520551807.5	451.0	255261.0	578.0	578.0	578.0
61	1520551819.07	451.0	837520.0	1734.0	1734.0	1734.0	859045.0
62	1520551820.29	289.0	4771502.0	1156.0	1156.0	1156.0	1156.0	1156.0	583792.0
