0	1517882177.09	342.0	34844742.0	125547445.0
1	1517882177.77	342.0	20877500.0	94961548.0	62962638.0
2	1517882178.03	342.0	22525474.0	86973628.0	61198746.0
3	1517882178.13	342.0	21145272.0	87074568.0	59780737.0
4	1517882178.38	342.0	34521084.0	79073195.0	57403661.0
5	1517882178.45	342.0	19642558.0	86629779.0	55330036.0	36008696.0
6	1517882178.49	340.0	23868444.0	83544430.0	54955395.0	36061716.0
7	1517882178.63	342.0	30498060.0	88983366.0	52040662.0
8	1517882178.64	342.0	28050932.0	83537618.0	53717990.0	35201206.0
9	1517882178.66	340.0	22455534.0	81365966.0	57675540.0	32528412.0
10	1517882178.69	342.0	21863015.0	83454195.0	55187108.0	35080922.0
11	1517882178.76	342.0	18489646.0	81256217.0	58548164.0	33304805.0
12	1517882178.84	342.0	18086921.0	82161647.0	56177366.0	33628634.0
13	1517882178.99	342.0	29025338.0	73228609.0	52860922.0	32887858.0
14	1517882179.02	342.0	22890786.0	82901950.0	52562217.0	29640502.0
15	1517882179.21	342.0	15269640.0	80152726.0	54938880.0	26841616.0
16	1517882179.22	342.0	21997495.0	85378945.0	48209016.0	31297606.0
17	1517882179.52	342.0	23214812.0	72554381.0	46186825.0	32795030.0
18	1517882179.58	340.0	22507272.0	68957738.0	47694840.0	31598518.0
19	1517882179.74	342.0	22181200.0	67590696.0	45347206.0	30408978.0	31652024.0
20	1517882179.77	342.0	24121670.0	67086218.0	44817008.0	29651390.0	31201196.0
21	1517882179.97	342.0	19651807.0	75801193.0	48527884.0	29622610.0	24417964.0
22	1517882180.15	342.0	12292673.0	70420003.0	48469120.0	33282238.0	26789336.0
23	1517882180.15	342.0	20212153.0	68801349.0	43648410.0	30101182.0	26852972.0
24	1517882180.45	342.0	18938464.0	69209912.0	43767461.0	32066444.0	25652822.0
25	1517882180.49	342.0	21736602.0	74251040.0	37534532.0	30450334.0	25270706.0
26	1517882180.8	342.0	20422517.0	65725193.0	42873328.0	30405222.0	26115810.0
27	1517882180.85	342.0	14494856.0	67723845.0	44021060.0	30516542.0	24111354.0
28	1517882180.97	342.0	12361151.0	76274989.0	38066768.0	30132738.0	22817738.0
29	1517882181.21	342.0	20677642.0	59456754.0	41739248.0	29218940.0	27288524.0	18427648.0
30	1517882181.22	340.0	18167756.0	63678544.0	40498274.0	27598832.0	27613140.0	19252840.0
31	1517882181.31	342.0	28078540.0	60624340.0	38442902.0	25304230.0	26036280.0	19549088.0
32	1517882181.35	342.0	19597491.0	63782749.0	40111166.0	30532130.0	21566494.0	22423258.0
33	1517882181.42	342.0	18489310.0	59716726.0	39702210.0	30079578.0	25257708.0	21986356.0
34	1517882181.52	342.0	15030936.0	69512624.0	36522774.0	33269454.0	20063314.0	21618926.0
35	1517882181.55	342.0	14874591.0	67779271.0	39302016.0	27979558.0	25990068.0	18076008.0
36	1517882181.62	342.0	18262824.0	66810008.0	35215770.0	30029102.0	22036064.0	21641708.0
37	1517882181.78	342.0	16207935.0	58050315.0	38923836.0	28410424.0	27214106.0	20796912.0
38	1517882181.82	342.0	16277291.0	56605943.0	39703824.0	28910704.0	22448462.0	22454058.0
39	1517882181.86	342.0	8426187.0	62611851.0	38481444.0	30783496.0	21294962.0	22805428.0
40	1517882181.86	342.0	8479991.0	63366381.0	38772686.0	29673514.0	21710678.0	23231834.0
41	1517882181.9	342.0	17058293.0	56308069.0	38917860.0	28896122.0	21994034.0	21998414.0
42	1517882181.96	340.0	23678369.0	52538847.0	37308762.0	29292826.0	24027534.0	21550004.0
43	1517882182.01	342.0	19276940.0	54163966.0	36912890.0	31594294.0	21242634.0	20827862.0
44	1517882182.29	342.0	18791039.0	53279201.0	37285804.0	26497912.0	27602886.0	20077190.0
45	1517882182.51	342.0	7198792.0	56787650.0	35338642.0	32128018.0	21216144.0	20514996.0	18821588.0
46	1517882182.61	342.0	16856352.0	53292934.0	26240406.0	32667906.0	22392086.0	20958362.0	18801320.0
47	1517882182.71	342.0	6145436.0	56392942.0	39398462.0	27164506.0	26870596.0	20865062.0	18015540.0
48	1517882182.85	342.0	26077807.0	50851911.0	30845386.0	30496754.0	19300050.0	22760820.0	18874228.0
49	1517882183.08	340.0	16632176.0	50402772.0	36437174.0	27300688.0	24801424.0	19973728.0	16406184.0
50	1517882183.32	342.0	17621540.0	51812828.0	34442878.0	25688192.0	23224376.0	19623596.0	16829812.0
51	1517882183.56	342.0	19733794.0	49658986.0	36914182.0	26110396.0	22542666.0	19301562.0	16783328.0
52	1517882183.97	342.0	2469968.0	41772784.0	36088862.0	32022362.0	23218956.0	22832312.0	18400842.0	14432174.0
53	1517882184.09	342.0	16868004.0	44419482.0	29282350.0	25278570.0	24077240.0	18418196.0	16368122.0	18874414.0
54	1517882184.16	342.0	14905395.0	44501103.0	29619420.0	25324978.0	22452058.0	20000716.0	17204088.0	17992620.0
55	1517882184.28	342.0	14794877.0	47755763.0	30107142.0	22916890.0	22459678.0	19708344.0	17181640.0	18783254.0
56	1517882184.32	340.0	13219935.0	48513495.0	29622702.0	23628190.0	21237750.0	18479258.0	17259242.0	18449408.0
57	1517882184.33	342.0	11460045.0	47395703.0	33619682.0	29296098.0	19643904.0	19693400.0	18034436.0	15697340.0
58	1517882184.37	342.0	18019737.0	38054097.0	33653644.0	29782744.0	20074184.0	19575676.0	18507536.0	16419340.0
59	1517882184.38	342.0	14443196.0	45207114.0	29486810.0	24027488.0	20916052.0	18925020.0	16416906.0	18131602.0
60	1517882184.83	342.0	10046285.0	41772959.0	30882620.0	24917818.0	20731444.0	19694512.0	18768642.0	16044800.0
61	1517882184.86	342.0	16057330.0	39666810.0	28590420.0	25213092.0	19685288.0	19604240.0	18750946.0	16019248.0
62	1517882184.89	342.0	15589263.0	35716861.0	30962454.0	28000578.0	22870270.0	20127162.0	18795664.0	16369188.0
63	1517882184.89	342.0	12019978.0	42081142.0	30090812.0	24368900.0	20513402.0	19238630.0	20031494.0	16844194.0
64	1517882184.9	342.0	14848951.0	37171315.0	30551228.0	26004314.0	20030992.0	19677652.0	18782814.0	17280222.0
65	1517882184.99	342.0	10517130.0	40840010.0	29556504.0	25747806.0	18438902.0	20421452.0	20868242.0	16765486.0
66	1517882185.06	342.0	16895736.0	38048844.0	30043062.0	23250314.0	20829446.0	18427450.0	18049728.0	15619914.0
67	1517882185.1	342.0	16028264.0	35711274.0	30464454.0	25291080.0	19239890.0	19258644.0	19613522.0	15653696.0
68	1517882185.12	342.0	10932598.0	39595336.0	30821165.0	24449751.0	19790251.0	18783089.0	19640191.0	15590781.0	19254250.0
69	1517882185.27	342.0	9791555.0	39963011.0	32058234.0	27241378.0	21655924.0	18941706.0	19584470.0	15180644.0	12874578.0
70	1517882185.29	342.0	7258932.0	38916646.0	32063488.0	25687456.0	21182768.0	19227844.0	19635108.0	14422468.0	20027570.0
71	1517882185.4	340.0	11226096.0	36942070.0	30933760.0	26040188.0	20069542.0	20002454.0	18799624.0	14459816.0	21993314.0
72	1517882185.49	342.0	8034658.0	39668670.0	31722104.0	25623270.0	22811128.0	20525558.0	18424888.0	16974708.0	9904052.0
73	1517882185.49	340.0	2448562.0	37259814.0	31236965.0	30058673.0	20123485.0	19194943.0	20814122.0	14049249.0	20451989.0
74	1517882185.51	342.0	10455288.0	38068356.0	30472162.0	24517556.0	19133414.0	20092196.0	18418698.0	15228860.0	20480902.0
75	1517882185.53	342.0	11255088.0	33246054.0	32010152.0	26331498.0	19760958.0	20088730.0	20096472.0	14038672.0	20815514.0
76	1517882185.59	342.0	12410443.0	36579643.0	30463686.0	26013264.0	20394948.0	19306354.0	18423000.0	14034632.0	21992912.0
77	1517882185.74	342.0	12013156.0	37755154.0	29667060.0	23673550.0	21247940.0	20844186.0	15611970.0	17646124.0	13556290.0
78	1517882185.77	342.0	14641609.0	32685121.0	30120432.0	26397170.0	19225332.0	19232676.0	19658182.0	14005220.0	19699134.0
79	1517882185.88	342.0	11658935.0	34434459.0	29714808.0	26866196.0	20463424.0	17603908.0	19673076.0	14788376.0	19616600.0
80	1517882185.99	342.0	8847400.0	38777062.0	28445282.0	21278150.0	24807626.0	18088564.0	16818732.0	17644294.0	12868720.0
81	1517882186.0	342.0	15230888.0	36890428.0	30048624.0	23185788.0	21734762.0	15259404.0	16444024.0	18004032.0	12859802.0
82	1517882186.27	342.0	7279017.0	38457007.0	30441744.0	18049922.0	22837670.0	19193616.0	16452466.0	16059650.0	15610646.0	14821334.0
83	1517882186.29	342.0	12221303.0	36381807.0	26875156.0	20407752.0	22373944.0	18986192.0	16765294.0	16375606.0	15588688.0	14454280.0
84	1517882186.31	342.0	5224813.0	32519801.0	29251524.0	28820138.0	20867982.0	17173216.0	20480880.0	14443468.0	16055754.0
85	1517882186.35	342.0	14061093.0	36398781.0	24990116.0	20817860.0	21677184.0	19647304.0	15197932.0	17573104.0	14853906.0	15167164.0
86	1517882186.38	342.0	16947508.0	35633790.0	25643444.0	21257738.0	22058436.0	18052788.0	16337946.0	17258678.0	13630738.0
87	1517882186.44	342.0	12015612.0	33667954.0	28904338.0	26891745.0	19267074.0	16614688.0	20636423.0	13626088.0	15223920.0
88	1517882186.49	342.0	17250252.0	30392315.0	28086934.0	20452629.0	22489738.0	19671527.0	16083194.0	17244147.0	13242733.0	14350520.0
89	1517882186.53	342.0	16011874.0	32033298.0	25252885.0	20872096.0	20500899.0	20040440.0	17648086.0	14754445.0	17352199.0	15270844.0
90	1517882186.53	342.0	10455760.0	33269953.0	28387517.0	28199922.0	19201776.0	16085960.0	19218706.0	14818183.0	15194838.0
91	1517882186.55	342.0	14608907.0	33027435.0	27664902.0	18880098.0	20830032.0	20032034.0	16089688.0	16838300.0	15173352.0	15680328.0
92	1517882186.64	342.0	13247981.0	31338659.0	27574782.0	19219992.0	21239614.0	19267590.0	16833064.0	15229896.0	17226388.0	14842876.0
93	1517882186.66	342.0	9987683.0	31748451.0	29583104.0	28064944.0	20043924.0	16399660.0	19268974.0	14816930.0	15682624.0
94	1517882186.7	342.0	12840458.0	34846432.0	25295694.0	20062912.0	20503602.0	21661344.0	14444878.0	17594194.0	14786596.0	15989222.0
95	1517882186.74	342.0	12581630.0	33132526.0	27279844.0	20082982.0	20043244.0	20059190.0	16002860.0	14044181.0	17934591.0	15259030.0
96	1517882186.74	342.0	10464866.0	29689663.0	29192710.0	28139096.0	19278242.0	16800246.0	18002593.0	16823514.0	16056232.0	15626823.0
97	1517882186.84	342.0	5597370.0	34555274.0	28833914.0	20044754.0	19616534.0	19667336.0	17652762.0	13209130.0	18874254.0	13578210.0
98	1517882186.89	342.0	12379861.0	32310807.0	27418134.0	18084344.0	19327348.0	20380882.0	17207300.0	13232520.0	19277482.0	13606680.0
99	1517882186.96	342.0	3625302.0	30042772.0	25265676.0	29721436.0	20018024.0	18827760.0	17611214.0	17241714.0	12839826.0	18422114.0
100	1517882186.97	342.0	10838943.0	30105831.0	29610220.0	27317624.0	20802660.0	16771698.0	17617086.0	15625580.0	13284006.0	15638860.0
101	1517882187.03	342.0	9284426.0	31314137.0	28051760.0	26836251.0	19248869.0	17242410.0	18363402.0	16457461.0	13599806.0	16053148.0
102	1517882187.13	342.0	11303178.0	28816856.0	25635020.0	28549601.0	18822061.0	16779468.0	16846714.0	18864393.0	12066588.0	17568934.0
103	1517882187.14	342.0	10432198.0	29281010.0	27301367.0	19568417.0	19233386.0	19290766.0	17668972.0	13993883.0	18846247.0	15974656.0
104	1517882187.17	342.0	10642270.0	28328226.0	26909810.0	26900573.0	19658529.0	17637022.0	15907374.0	18474854.0	13583248.0	17638326.0
105	1517882187.17	342.0	9137954.0	32203505.0	27272324.0	25998545.0	19197232.0	16445955.0	16860246.0	17264165.0	13652844.0	17219569.0
106	1517882187.25	342.0	8523742.0	32455358.0	26428232.0	19798742.0	19549920.0	20008702.0	17419006.0	13850114.0	16106576.0	14829435.0
107	1517882187.26	342.0	11653682.0	34831468.0	24875592.0	17237861.0	20085642.0	18831031.0	16460225.0	13578672.0	16435735.0	16427629.0
108	1517882187.29	342.0	9646090.0	31983314.0	26516324.0	19984634.0	18799479.0	18906747.0	18470826.0	12900414.0	18434716.0	16419997.0
109	1517882187.3	342.0	8832420.0	32063705.0	26811580.0	19596703.0	18488002.0	18129581.0	18427660.0	13619812.0	17230947.0	16086682.0
110	1517882187.31	342.0	9211602.0	31650130.0	27194410.0	19636293.0	18528694.0	17997249.0	17680092.0	12808362.0	15990766.0	16860830.0
111	1517882187.39	342.0	9309564.0	31590106.0	26388382.0	25043786.0	19540983.0	17244745.0	18411746.0	17227717.0	14022403.0	14098537.0
112	1517882187.43	342.0	9608318.0	31428856.0	26089987.0	22832577.0	21220729.0	17206689.0	18058413.0	18013539.0	14460324.0	14000031.0
113	1517882187.54	342.0	10031373.0	31589019.0	26102330.0	19214008.0	19264586.0	16430086.0	17196506.0	12816736.0	14974528.0	18062802.0
114	1517882187.55	342.0	10072966.0	30027390.0	25343115.0	19656303.0	18813773.0	16427993.0	18752663.0	14815895.0	16072512.0	16829638.0
115	1517882187.55	342.0	9018302.0	30654298.0	23557528.0	25719478.0	18887855.0	19226338.0	17662184.0	18453306.0	13226835.0	15270700.0
116	1517882187.55	342.0	9227115.0	29125479.0	26635788.0	19212436.0	19285416.0	16843478.0	18406580.0	12425634.0	13636672.0	16415912.0
117	1517882187.61	342.0	11615710.0	33176892.0	24026354.0	20905130.0	18831977.0	15606841.0	17668462.0	12007862.0	15607289.0	17486047.0
118	1517882187.63	340.0	8866706.0	28050898.0	25687576.0	23215668.0	20089580.0	19208796.0	15665241.0	20461125.0	15221700.0	16394163.0
119	1517882187.64	342.0	11642384.0	30954106.0	25729845.0	20289262.0	18890121.0	16443989.0	16791030.0	13621616.0	15553477.0	18456424.0
120	1517882187.73	342.0	6367106.0	29780190.0	27611744.0	23619998.0	18888104.0	19606812.0	16404998.0	18770250.0	12800524.0	14520134.0
121	1517882187.75	342.0	8031644.0	30521016.0	23553965.0	25191045.0	20351927.0	17638110.0	16481327.0	20213014.0	13586782.0	15234476.0
122	1517882187.76	342.0	8974024.0	27963478.0	27166584.0	20062250.0	19903122.0	16553423.0	18847081.0	12796098.0	14861877.0	18104911.0
123	1517882187.76	342.0	7832454.0	29039088.0	26399684.0	19303628.0	18782819.0	18047293.0	17738225.0	13598453.0	13621538.0	17619542.0
124	1517882187.78	342.0	8000442.0	31596884.0	22072082.0	24510507.0	19541931.0	19736087.0	15199560.0	20617092.0	13870938.0	15283854.0
125	1517882187.83	342.0	8895716.0	27990976.0	26137751.0	19705663.0	18879139.0	16759804.0	19244834.0	12380587.0	14796511.0	18427384.0
126	1517882187.86	342.0	8885244.0	30783714.0	25285038.0	18042845.0	19596691.0	16423177.0	18254668.0	12652433.0	14111327.0	15951972.0
127	1517882187.89	342.0	10200320.0	30835599.0	22347427.0	24089062.0	19213368.0	18430716.0	15981448.0	19217814.0	14038355.0	15263092.0
128	1517882187.91	342.0	9549182.0	31010433.0	23643971.0	24015916.0	19341677.0	18327425.0	15265158.0	20061678.0	13993137.0	13673388.0
129	1517882187.92	342.0	7662527.0	30544290.0	25235817.0	19644626.0	19619636.0	14828048.0	18855666.0	12899170.0	14360468.0	16387896.0
130	1517882187.92	342.0	8938920.0	32088878.0	24468047.0	19283800.0	19616327.0	15717409.0	18361386.0	13167213.0	16748218.0	18498168.0
131	1517882187.95	342.0	8438766.0	31622770.0	22487606.0	23284980.0	19240354.0	20050800.0	14440422.0	20036778.0	15196982.0	14850661.0
132	1517882188.03	342.0	5190640.0	28926924.0	21977852.0	24458327.0	19267032.0	18427776.0	14865829.0	18885135.0	16484307.0	16036328.0	15358271.0
133	1517882188.08	342.0	7388842.0	30398134.0	25253385.0	19791780.0	18238205.0	15229150.0	18770963.0	12873974.0	13326524.0	16331882.0
134	1517882188.11	342.0	384.0	26915451.0	28791015.0	18890656.0	20925640.0	17205022.0	17191762.0	15267182.0	12436072.0	16361452.0	19728230.0
135	1517882188.14	342.0	8865490.0	29674486.0	25290633.0	19305006.0	19216236.0	14460978.0	17959373.0	14074811.0	13580708.0	16449083.0
136	1517882188.15	342.0	5234989.0	28563161.0	21587936.0	21659368.0	19254094.0	20784502.0	16433054.0	19599818.0	16063248.0	14864920.0	14801746.0
137	1517882188.18	342.0	10509194.0	27225464.0	20134489.0	23105463.0	19407821.0	20295612.0	14860487.0	21269093.0	15234074.0	14392718.0
138	1517882188.2	342.0	9230918.0	28058576.0	24041209.0	21282327.0	17662140.0	16450401.0	16811916.0	12827866.0	14438348.0	15543297.0	22514080.0
139	1517882188.45	342.0	10050680.0	29700892.0	24458316.0	18485412.0	17580856.0	16781524.0	17670352.0	13214925.0	15649359.0	13658838.0
140	1517882188.47	342.0	6454216.0	29267672.0	20462126.0	21670948.0	17692540.0	20484349.0	16367725.0	18434860.0	16477687.0	15957626.0	15936382.0
141	1517882188.5	342.0	10808854.0	31294455.0	24441901.0	17992075.0	17208175.0	16413217.0	17663222.0	12873212.0	16040990.0	12817452.0
142	1517882188.5	342.0	9323032.0	26546334.0	20051059.0	21645562.0	19643996.0	20368248.0	14867797.0	19242414.0	16399379.0	15172500.0	15243508.0
143	1517882188.51	342.0	10846326.0	29290732.0	21225155.0	20845110.0	18462292.0	19715859.0	13232497.0	17648866.0	16444593.0	18360172.0
144	1517882188.55	342.0	8583888.0	26411172.0	26513207.0	19183284.0	18474070.0	15568347.0	15671369.0	15215946.0	14407266.0	15195276.0	22027293.0
145	1517882188.63	342.0	8052758.0	28170816.0	26048805.0	18882111.0	19192496.0	16034608.0	17982721.0	14488962.0	15556829.0	15644647.0
146	1517882188.65	342.0	8531244.0	30154970.0	26495404.0	18742609.0	17615898.0	15214320.0	17969225.0	13231031.0	15649145.0	13610286.0
147	1517882188.78	342.0	384.0	26848060.0	25317290.0	19606043.0	18856993.0	18049533.0	16798626.0	13623778.0	18885353.0	17633192.0	16020862.0
148	1517882188.81	342.0	10888000.0	24632174.0	20263467.0	20118910.0	18003941.0	18854335.0	15182686.0	15253950.0	17916485.0	17641610.0	14472954.0
149	1517882188.82	342.0	9943628.0	24375448.0	22656561.0	20024471.0	19422019.0	15924499.0	15208650.0	17622284.0	14429000.0	16000216.0	22908551.0
150	1517882188.9	342.0	3999240.0	27665338.0	22142086.0	20505183.0	18506962.0	18796611.0	14894619.0	15963226.0	16036204.0	18827647.0	16759874.0
151	1517882189.19	342.0	8062560.0	25220232.0	19224067.0	20108492.0	18499580.0	17630548.0	16813808.0	13644736.0	16782450.0	18895841.0	15214368.0
152	1517882189.19	342.0	4829360.0	26462910.0	23286522.0	19716887.0	21550780.0	14864223.0	13173499.0	17607072.0	18851053.0	15998802.0
153	1517882189.27	342.0	3644325.0	26910233.0	23661175.0	20769986.0	16836412.0	18053529.0	17649902.0	12825710.0	16048972.0	18857757.0	16803378.0
154	1517882189.28	342.0	4822460.0	26051692.0	24081521.0	18493870.0	21164027.0	14827279.0	13582584.0	18055183.0	16402975.0	15208892.0	21347919.0
155	1517882189.29	342.0	5576438.0	24869868.0	20518437.0	19556807.0	20446407.0	15645407.0	13627396.0	18044211.0	18018903.0	16047224.0	21296865.0
156	1517882189.3	342.0	7644946.0	25675076.0	21528355.0	19690765.0	21263539.0	13236873.0	14385624.0	18410682.0	19252944.0	14454164.0
157	1517882189.31	342.0	8053882.0	28924676.0	20901246.0	21168479.0	16494437.0	18507394.0	14812541.0	14436470.0	16055088.0	19566645.0	15174268.0
158	1517882189.33	342.0	4769064.0	24159346.0	19633571.0	19681535.0	20460805.0	16866318.0	13991613.0	18871251.0	17239535.0	15245004.0	20385597.0
159	1517882189.38	342.0	8010556.0	28090984.0	20860172.0	20811498.0	16088284.0	18434384.0	15705189.0	15131452.0	16053658.0	20423815.0	15621357.0
160	1517882189.43	342.0	6834476.0	22878044.0	20044102.0	20052532.0	21229427.0	14797721.0	13584620.0	17315357.0	18396756.0	16499963.0	22016093.0
161	1517882189.45	342.0	4085020.0	28465830.0	22890410.0	18073617.0	16816582.0	18464290.0	16472037.0	13606156.0	15622253.0	19534007.0	17245161.0
162	1517882189.47	342.0	6461384.0	23253116.0	21646572.0	19581799.0	20469753.0	14050399.0	13240577.0	17617092.0	18457134.0	17960639.0	24900612.0
163	1517882189.5	342.0	7640260.0	28396794.0	21598308.0	20056950.0	14497776.0	19614427.0	15643339.0	15282742.0	16415939.0	20447629.0	16018812.0
164	1517882189.52	342.0	7361542.0	26287858.0	22449646.0	20049156.0	19983272.0	13273821.0	14919445.0	17171273.0	19590453.0	14847445.0	21301179.0
165	1517882189.52	342.0	7990044.0	24884854.0	18452824.0	18855965.0	15277512.0	17689250.0	18848259.0	12882154.0	15612373.0	17241403.0	19629679.0
166	1517882189.54	342.0	9257656.0	21637712.0	19298939.0	20447917.0	19638237.0	15190044.0	14052221.0	14855379.0	21624622.0	17210571.0	25615076.0
167	1517882189.59	342.0	7487388.0	23028098.0	20501401.0	20409245.0	20463569.0	15224206.0	13157385.0	16007890.0	20479049.0	17635808.0	25302341.0
168	1517882189.66	342.0	8513198.0	24018028.0	21625867.0	20451375.0	19180776.0	14003235.0	11587815.0	19676779.0	20530779.0	15633063.0
169	1517882189.66	342.0	6273342.0	22267582.0	19603984.0	20057904.0	19955340.0	14813559.0	13282375.0	16032028.0	18780999.0	18047827.0	22529976.0
170	1517882189.73	342.0	4823098.0	25149468.0	21023789.0	19231774.0	16833430.0	17212685.0	18984261.0	14362386.0	16799114.0	21213659.0	16036864.0
171	1517882189.74	342.0	8096406.0	23653776.0	18028486.0	20037390.0	16784070.0	16409611.0	18146754.0	12773997.0	15629487.0	16439307.0	19615617.0
172	1517882189.77	342.0	6856302.0	23631810.0	20466647.0	20444133.0	19728373.0	14814205.0	12841400.0	14868521.0	20452941.0	17956425.0	25997055.0
173	1517882189.82	342.0	7131566.0	26196594.0	21964668.0	18942473.0	16490155.0	17195805.0	18014265.0	13729785.0	15102969.0	20040014.0	15644959.0
174	1517882189.82	342.0	6798608.0	22498346.0	19208687.0	20460275.0	18805085.0	15669715.0	13203005.0	16138638.0	18870225.0	18888269.0	21902733.0
175	1517882189.84	342.0	7612168.0	26565354.0	21219126.0	18829783.0	14837835.0	17210543.0	18793195.0	13148817.0	14921223.0	18926073.0	16832522.0
176	1517882189.85	342.0	2811029.0	20871263.0	20164529.0	20023298.0	19993528.0	16845628.0	13253435.0	15195848.0	17220663.0	20831724.0	20006984.0
177	1517882189.85	342.0	6745756.0	23376902.0	19265141.0	19588329.0	16061354.0	16000274.0	20834696.0	13656386.0	14794845.0	18451376.0	18866113.0
178	1517882189.92	342.0	6849770.0	25393674.0	20652312.0	18835665.0	16454057.0	14893441.0	20464457.0	14447138.0	15964066.0	20910216.0	18428900.0
179	1517882190.0	342.0	6890688.0	22902968.0	20689672.0	20956542.0	18037865.0	15647889.0	13592740.0	16823102.0	19999052.0	17225215.0	24118986.0
180	1517882190.04	342.0	7140810.0	22212188.0	18465093.0	18751095.0	20381457.0	16079476.0	11648035.0	14854923.0	18836585.0	19647047.0	24036952.0
181	1517882190.05	342.0	10458706.0	21606826.0	19618535.0	18871711.0	18848023.0	14860983.0	12839714.0	14448834.0	18405906.0	20418085.0	22494024.0
182	1517882190.05	342.0	6811194.0	22922666.0	15688829.0	20132892.0	19181846.0	16762160.0	12462149.0	16446561.0	19185196.0	19690167.0	22508516.0
183	1517882190.05	342.0	5576588.0	20845134.0	19640533.0	20037620.0	20401153.0	15741781.0	12027002.0	14437522.0	18492538.0	20776820.0	21612246.0
184	1517882190.13	342.0	6369974.0	24217156.0	20475791.0	17642146.0	18875811.0	15980770.0	13629270.0	15198742.0	21606864.0	18424186.0	24434665.0
185	1517882190.13	342.0	2838727.0	23641757.0	18063729.0	18908981.0	16450019.0	13252109.0	19655441.0	17220763.0	14810051.0	14372780.0	22436604.0	18414204.0
186	1517882190.14	340.0	6836676.0	21116910.0	19388864.0	18532116.0	18407906.0	16404411.0	13583862.0	16054580.0	18833073.0	20901492.0	22802011.0
187	1517882190.15	342.0	1236519.0	24011439.0	22891234.0	18839131.0	16464129.0	12841458.0	19264890.0	15951528.0	14289832.0	14214591.0	21666046.0	18410398.0
188	1517882190.17	342.0	3489167.0	20193067.0	20849215.0	18813681.0	20026114.0	16847770.0	12488517.0	15207430.0	16906198.0	21636800.0	19621221.0
189	1517882190.2	342.0	6317402.0	21809356.0	18756719.0	17268103.0	19625681.0	18072903.0	14046249.0	16430287.0	21680238.0	19235370.0
190	1517882190.24	342.0	6048106.0	21343746.0	18770961.0	18099643.0	18011011.0	17270491.0	12371117.0	16402765.0	18394038.0	21605598.0	21694764.0
191	1517882190.28	342.0	3227922.0	23186632.0	21686522.0	18810593.0	14455308.0	14854001.0	20866536.0	14055727.0	15607371.0	14790439.0	20891354.0	18042701.0
192	1517882190.3	342.0	6828456.0	23719680.0	20471393.0	16910290.0	16014060.0	14415522.0	20364123.0	14847153.0	15608501.0	16480547.0	20391811.0
193	1517882190.33	342.0	9619114.0	22073392.0	19712536.0	17274867.0	14866203.0	15601451.0	20430887.0	16401703.0	14810547.0	20521887.0	18808037.0
194	1517882190.37	342.0	6655312.0	23097336.0	19649541.0	18007623.0	16012128.0	14501710.0	20062296.0	15580855.0	15644625.0	18063429.0	19207694.0
195	1517882190.4	340.0	7229194.0	20509068.0	18419205.0	16427771.0	18496662.0	18532966.0	13234799.0	16779724.0	19583391.0	18079321.0	22445468.0
196	1517882190.43	342.0	4805182.0	20426128.0	20485500.0	17281583.0	16824080.0	14855995.0	19253910.0	16849400.0	16448369.0	15208116.0	21924895.0
197	1517882190.5	342.0	1998193.0	19667935.0	21998461.0	17600812.0	20524809.0	17693798.0	13642208.0	14457282.0	16056302.0	21987571.0	17698196.0
198	1517882190.52	342.0	5401882.0	23101794.0	18431823.0	17613876.0	15655119.0	14070627.0	18858693.0	17220829.0	16412299.0	17236907.0	20044576.0
199	1517882190.54	342.0	7752860.0	19175798.0	20450794.0	16375611.0	20437011.0	18401926.0	13252249.0	14035869.0	20111236.0	18813731.0	26052739.0
200	1517882190.56	342.0	6828080.0	19832196.0	18661437.0	16831820.0	18898583.0	17123245.0	14446936.0	15198320.0	18081193.0	22029589.0	23291072.0
201	1517882190.57	342.0	8456596.0	21979602.0	17770592.0	17312509.0	15238978.0	13562408.0	18517804.0	18040831.0	16393853.0	17168935.0	21295219.0
202	1517882190.58	342.0	8436724.0	21608734.0	19684572.0	17668578.0	14823427.0	13184397.0	18403514.0	16058020.0	15667589.0	15677011.0	22464276.0
203	1517882190.62	342.0	7705174.0	20410142.0	17266939.0	17973005.0	19187014.0	17597096.0	15161624.0	15647651.0	21718632.0	19288900.0	26480436.0
204	1517882190.63	342.0	5244626.0	20572338.0	17923361.0	17657278.0	18827395.0	19269576.0	14067877.0	14837157.0	19687993.0	21608304.0	22801021.0
205	1517882190.64	342.0	7089230.0	21812874.0	19654525.0	17162345.0	15305360.0	13196609.0	17597342.0	18012721.0	16935368.0	18023229.0	20869950.0
206	1517882190.65	342.0	8893524.0	21677384.0	17583664.0	17259299.0	15231534.0	13230449.0	18066569.0	18884193.0	15177894.0	15633007.0	22354628.0
207	1517882190.66	342.0	2816655.0	23743705.0	19197374.0	17211849.0	15989862.0	12789574.0	16423013.0	17658216.0	18047689.0	15706093.0	22449262.0
208	1517882190.67	342.0	6070230.0	22932658.0	18855221.0	18048293.0	15670625.0	13612398.0	18801979.0	16006690.0	15735094.0	16695263.0	22519450.0
209	1517882190.67	342.0	5251886.0	19111312.0	18221786.0	14835225.0	18403376.0	20875898.0	15613343.0	17260543.0	20361379.0	20464813.0	26022177.0
210	1517882190.67	342.0	5506218.0	20187708.0	18587025.0	17461989.0	17652152.0	19656569.0	14016869.0	15608685.0	19634279.0	20797280.0	24478397.0
211	1517882190.68	342.0	6051086.0	21646712.0	18414673.0	18034615.0	18401022.0	18432954.0	13601118.0	15656551.0	18052227.0	21295005.0	25268173.0
212	1517882190.68	342.0	4459494.0	20741928.0	21766589.0	20034876.0	14804575.0	14387792.0	19238884.0	16067586.0	16408029.0	16836096.0	22779129.0
213	1517882190.72	342.0	7645604.0	21296022.0	18867565.0	16902304.0	14385158.0	13648060.0	17613882.0	19689527.0	16773838.0	18370456.0	19645767.0
214	1517882190.73	342.0	618.0	342.0	6438444.0	20910396.0	18539842.0	16433867.0	17605624.0	18850745.0	14775687.0	16415801.0	20808820.0	20047124.0	24811510.0
215	1517882190.75	342.0	3145500.0	22926788.0	18019466.0	19623121.0	16509785.0	13256323.0	18836921.0	16454629.0	17217245.0	13583508.0	23642713.0
216	1517882190.77	342.0	6816722.0	20540040.0	18908693.0	17230085.0	17646786.0	16092809.0	14787498.0	15612509.0	16803904.0	22072067.0	23198862.0
217	1517882190.8	340.0	6421262.0	18860392.0	19684428.0	15986576.0	20334831.0	18499744.0	17277001.0	16482861.0	23615299.0	18463282.0
218	1517882190.81	342.0	8429240.0	19670294.0	19610295.0	16059226.0	20438015.0	17630880.0	17672474.0	15659949.0	25238481.0	19238314.0
219	1517882190.83	342.0	8888290.0	18851940.0	19667998.0	16490151.0	20037870.0	18073543.0	17212193.0	15636059.0	23675759.0	18621093.0
220	1517882190.84	342.0	8024528.0	19640580.0	18789728.0	16436129.0	20472603.0	18433228.0	16388815.0	15651085.0	23635617.0	18095919.0
221	1517882190.88	342.0	6428326.0	19226664.0	20854388.0	18852037.0	14404182.0	13225549.0	16754294.0	16023260.0	18080899.0	14887415.0	23269562.0
222	1517882190.92	342.0	6415560.0	19326178.0	15629145.0	16025650.0	19277690.0	20034890.0	14865513.0	17565276.0	18447248.0	21999773.0	26509190.0
223	1517882190.93	342.0	5648836.0	18950288.0	17507815.0	16580558.0	17897666.0	19647089.0	15194450.0	17669114.0	18925097.0	21585216.0	24834332.0
224	1517882190.94	342.0	4811946.0	20475456.0	20031425.0	19292174.0	14731693.0	12451033.0	15649069.0	16026724.0	19253904.0	15594711.0	24135612.0
225	1517882190.98	342.0	4824856.0	23217434.0	17671758.0	18434554.0	14814755.0	14027505.0	16378259.0	15625387.0	18047817.0	15231864.0	21668734.0
226	1517882190.99	342.0	6818710.0	20846558.0	19261557.0	18126655.0	14011835.0	14038657.0	14805073.0	14806057.0	21197013.0	17265869.0	24845004.0
227	1517882191.0	342.0	5951180.0	20517904.0	20346403.0	18492498.0	13239415.0	13686054.0	16829798.0	16816570.0	18102737.0	15246130.0	22772827.0
228	1517882191.03	342.0	5244788.0	20312102.0	14625886.0	12462359.0	17562558.0	19700097.0	16838809.0	20033125.0	20898454.0	21613524.0	29339633.0
229	1517882191.14	340.0	6332384.0	19042996.0	19600720.0	16023086.0	20445483.0	16811362.0	17616128.0	16482461.0	21685828.0	20766120.0
230	1517882191.17	342.0	8902604.0	18104894.0	18874822.0	17615202.0	14860285.0	13228192.0	15919947.0	16023874.0	20407829.0	16511832.0	25215792.0
231	1517882191.18	342.0	5124804.0	20184660.0	19550994.0	13378799.0	20451045.0	16884796.0	19611859.0	17245747.0	23986892.0	19701525.0
232	1517882191.18	342.0	5624574.0	20222956.0	19843972.0	18074041.0	14011125.0	13632030.0	15666561.0	16486025.0	20742206.0	16438835.0	22848453.0
233	1517882191.18	342.0	7208120.0	21367506.0	19609976.0	18438614.0	13215563.0	12452369.0	18103997.0	16417645.0	15929123.0	17205135.0	22015369.0
234	1517882191.19	342.0	384.0	15217048.0	19639430.0	21505941.0	14966923.0	13603524.0	13981351.0	15608865.0	18077233.0	17184079.0	18092073.0	22926427.0
235	1517882191.19	342.0	6051624.0	18409960.0	15197726.0	14880744.0	20821574.0	18438884.0	19339320.0	17166441.0	20052820.0	21234021.0
236	1517882191.2	342.0	7655892.0	17623596.0	15978327.0	14816885.0	19674413.0	18872951.0	19223656.0	16834324.0	23287578.0	20829654.0
237	1517882191.21	342.0	6050836.0	18114076.0	18813873.0	14342926.0	18969753.0	17285623.0	18454878.0	18394538.0	22035765.0	20833348.0
238	1517882191.22	342.0	6449464.0	19648232.0	17982630.0	15632171.0	22028835.0	16862098.0	19677081.0	15703395.0	22755369.0	19964896.0
239	1517882191.26	342.0	6423992.0	20261692.0	19267427.0	15034831.0	20078320.0	18017775.0	19269970.0	15572427.0	23267102.0	18803603.0
240	1517882191.3	342.0	5223910.0	20102496.0	19170451.0	17621200.0	13620628.0	13575514.0	16473203.0	14096007.0	21583428.0	16841816.0	24454583.0
241	1517882191.31	342.0	5661048.0	17992564.0	16941307.0	13164485.0	20472849.0	16420413.0	17670008.0	20813516.0	21233855.0	22477384.0
242	1517882191.31	342.0	2034027.0	20412139.0	15626266.0	14485665.0	18064977.0	18905827.0	16801566.0	18451332.0	17989869.0	24052528.0	23217404.0
243	1517882191.38	342.0	7195230.0	20033232.0	19703855.0	18007543.0	13194513.0	14047795.0	15276632.0	12393383.0	21298687.0	15496623.0	24992270.0
244	1517882191.38	342.0	5463884.0	19379130.0	18443476.0	18047563.0	13296185.0	13593510.0	14074737.0	15252538.0	20448015.0	16459425.0	23970208.0
245	1517882191.38	342.0	6032388.0	20239268.0	20276790.0	16869154.0	14424610.0	14465188.0	16421465.0	15663049.0	20851774.0	17611042.0	23981288.0
246	1517882191.43	342.0	7023772.0	19779118.0	19339887.0	17673528.0	13230623.0	13618140.0	15290884.0	15209016.0	21304265.0	16375143.0	24811742.0
247	1517882191.44	342.0	3630015.0	18454649.0	15211220.0	14376059.0	17597418.0	18125345.0	18032027.0	20461877.0	20863638.0	22065561.0	25232743.0
248	1517882191.48	342.0	5400172.0	20233940.0	17646942.0	18060789.0	14835227.0	13213643.0	16015592.0	14803083.0	20825776.0	17625520.0	24103270.0
249	1517882191.51	342.0	6626142.0	20244992.0	19661274.0	16447055.0	13234985.0	12759554.0	15215288.0	14028039.0	22089675.0	16857914.0	25605914.0
250	1517882191.55	340.0	6404138.0	19720982.0	20847143.0	16459565.0	12857400.0	12498313.0	16043760.0	13980275.0	22013779.0	16026478.0	25291229.0
251	1517882191.55	340.0	4857944.0	18387994.0	18143321.0	15611289.0	19210508.0	16777180.0	20093292.0	18044153.0	23615531.0	20036982.0
252	1517882191.6	340.0	5212778.0	19241348.0	20007859.0	17985717.0	12832878.0	14075123.0	15667617.0	16421577.0	19266570.0	17651886.0	26841301.0
253	1517882191.61	342.0	2331340.0	19776158.0	17087810.0	18910513.0	12807790.0	14019235.0	16011076.0	13343813.0	22138675.0	16014940.0	25606168.0
254	1517882191.62	342.0	4423986.0	20411826.0	20425957.0	16403999.0	14072681.0	12880780.0	14399610.0	13631492.0	21602836.0	14873819.0	25315659.0
255	1517882191.63	342.0	5235834.0	19298824.0	21235038.0	17244675.0	13204673.0	13229813.0	14814487.0	12847814.0	22075605.0	15997320.0	25240227.0
256	1517882191.67	342.0	6421692.0	18456142.0	18421736.0	15215864.0	18786595.0	14884253.0	21669606.0	18790433.0	26855909.0	23239926.0
257	1517882191.67	342.0	5937284.0	21205422.0	20599051.0	15572939.0	12494775.0	15612927.0	14476908.0	15609681.0	20876718.0	18844675.0	29653400.0
258	1517882191.68	342.0	5255276.0	18860416.0	15927520.0	18194003.0	13584106.0	13297251.0	14844455.0	16040876.0	21269987.0	17596956.0	25180867.0
259	1517882191.69	342.0	6076036.0	20841136.0	15640608.0	18364688.0	13716424.0	13615240.0	15616399.0	15211938.0	21977455.0	16503875.0	26379384.0
260	1517882191.69	342.0	5300908.0	18443880.0	16460386.0	13651376.0	17238389.0	16373985.0	17323273.0	20763458.0	21248837.0	25234061.0
261	1517882191.7	342.0	5625320.0	20837606.0	16380349.0	17309835.0	12444567.0	13625512.0	16078984.0	13263325.0	21658476.0	16386693.0	24817972.0
262	1517882191.72	342.0	7772070.0	16687664.0	15677656.0	13612526.0	18883037.0	17224239.0	18826703.0	20043352.0	22066925.0	22430792.0
263	1517882191.73	342.0	6450070.0	19273148.0	15595821.0	18051409.0	13680782.0	13635350.0	16009098.0	13203875.0	21585534.0	16830656.0	24858608.0
264	1517882191.74	342.0	4049616.0	19652714.0	20114171.0	17190341.0	13610878.0	14450060.0	15554695.0	15214706.0	22041989.0	17647838.0	30929987.0
265	1517882191.76	342.0	3082470.0	19026914.0	17619236.0	16816919.0	13618234.0	13613514.0	15603519.0	15384758.0	22749275.0	18376340.0	25675416.0
266	1517882191.76	342.0	5614646.0	18618246.0	14626426.0	17762711.0	13182541.0	15567427.0	16924460.0	15241356.0	22845745.0	17602172.0	29646864.0
267	1517882191.76	342.0	5524216.0	19704436.0	17704397.0	17171657.0	13628026.0	17235229.0	16872624.0	18405256.0	22077717.0	24013502.0
268	1517882191.78	342.0	3244660.0	17653098.0	16029284.0	13171077.0	18535812.0	15672617.0	18462978.0	20814596.0	16782400.0	26098627.0	25608968.0
269	1517882191.78	342.0	4835474.0	19222492.0	14774106.0	18887780.0	12422717.0	13668062.0	16020888.0	14434326.0	21241567.0	18432806.0	25302901.0
270	1517882191.8	342.0	5553306.0	18592140.0	19235578.0	17631594.0	13251621.0	18531235.0	15642773.0	21216013.0	21604060.0	26214444.0
271	1517882191.85	342.0	5634324.0	18074474.0	15632120.0	17655186.0	11993664.0	16913084.0	18833263.0	16018810.0	23580085.0	22408782.0	27281406.0
272	1517882191.85	342.0	6099490.0	15548870.0	20091878.0	13175093.0	17248853.0	14809265.0	18114153.0	22458246.0	21636506.0	27186280.0
273	1517882191.88	342.0	5614704.0	18105534.0	18046370.0	13246503.0	17713598.0	16445281.0	19280060.0	19568095.0	22861453.0	24417041.0
274	1517882191.9	342.0	6449546.0	15722356.0	20347612.0	17485514.0	13788324.0	17670028.0	16860438.0	16836858.0	22057185.0	23700651.0
275	1517882191.94	342.0	984.0	18116598.0	16807850.0	17970214.0	14861753.0	15512043.0	18967923.0	17242061.0	22093403.0	19193740.0	32481803.0
276	1517882191.96	342.0	6460188.0	18136444.0	18414109.0	17236573.0	13614816.0	17013356.0	13352257.0	17031047.0	22294079.0	21616130.0	32882542.0
277	1517882191.97	342.0	5615648.0	18041152.0	18069408.0	13161799.0	16857874.0	14424356.0	16456163.0	23244072.0	20794886.0	26474232.0
278	1517882191.99	342.0	6423622.0	18476174.0	13603616.0	19655881.0	13236277.0	19254560.0	16872172.0	19567365.0	21218925.0	23679187.0
279	1517882191.99	342.0	5616158.0	18508908.0	15260874.0	13262583.0	15658871.0	15188328.0	15280834.0	23625589.0	19671595.0	27203562.0	28775586.0
280	1517882191.99	342.0	7250784.0	17647580.0	18451124.0	18016915.0	14247370.0	19683463.0	15683939.0	19607421.0	20473783.0	26107977.0
281	1517882192.05	342.0	6489774.0	18483536.0	14448596.0	19918594.0	12814414.0	17308032.0	16795500.0	18090829.0	21651976.0	22797179.0
282	1517882192.07	342.0	5592770.0	17369766.0	15724976.0	13690092.0	18050683.0	14511764.0	16018250.0	24044170.0	18834353.0	26010323.0	28383255.0
283	1517882192.11	342.0	4680466.0	19370890.0	14033680.0	19209827.0	14034413.0	19622295.0	16059884.0	18102689.0	22706157.0	21757322.0
284	1517882192.16	342.0	7214654.0	17415248.0	17137620.0	12800576.0	16459961.0	14943029.0	14847235.0	23632781.0	21603088.0	29565738.0
285	1517882192.2	342.0	4409466.0	18861616.0	13181852.0	16785459.0	15260274.0	22056069.0	17265271.0	19547973.0	20901197.0	24845947.0
286	1517882192.21	342.0	4821216.0	17663610.0	20055474.0	18330584.0	13654002.0	19595689.0	15735155.0	19643845.0	20840632.0	25070161.0
287	1517882192.21	342.0	4842048.0	16858494.0	14408110.0	16430715.0	17210581.0	20873538.0	18019757.0	20465183.0	22002623.0	27321466.0
288	1517882192.22	342.0	5239440.0	14825400.0	20135288.0	17256981.0	20108744.0	21625520.0	15602923.0	24896484.0	20773740.0	36092104.0
289	1517882192.25	342.0	3956374.0	16081296.0	18913846.0	18931684.0	15248588.0	20410533.0	17285151.0	19653023.0	20396731.0	27182276.0
290	1517882192.26	342.0	3628055.0	16829361.0	18928088.0	14067107.0	17229501.0	14060899.0	15231160.0	24472535.0	22750497.0	31214436.0
291	1517882192.27	342.0	5229906.0	18091570.0	14385732.0	12469693.0	15266036.0	16401155.0	16089320.0	23985294.0	19208990.0	27846957.0	31263104.0
292	1517882192.28	342.0	5603760.0	17550368.0	14099216.0	17569315.0	14896359.0	21645560.0	16898812.0	19157890.0	22451734.0	25721668.0
293	1517882192.29	342.0	6439152.0	17544758.0	14282078.0	13635263.0	14427470.0	16014236.0	17326189.0	22079521.0	19199258.0	29590710.0
294	1517882192.3	342.0	5208460.0	16405016.0	18461872.0	12914720.0	14890845.0	12027924.0	15637557.0	24247326.0	16823144.0	30502488.0	32885062.0
295	1517882192.3	342.0	6024774.0	14466690.0	18856332.0	12799730.0	16464971.0	15635557.0	17202323.0	23228190.0	20417697.0	28117508.0
296	1517882192.32	342.0	6848412.0	17530620.0	18226036.0	12821502.0	17235899.0	14030485.0	20416069.0	22062573.0	25618096.0	29643674.0
297	1517882192.39	342.0	5617178.0	16691318.0	13733006.0	17574148.0	17654514.0	22048853.0	17704204.0	20881172.0	20084878.0	29274111.0
298	1517882192.44	342.0	4857508.0	15085638.0	19103282.0	14891072.0	16453613.0	13158363.0	16462483.0	25207651.0	22791613.0	31148350.0
299	1517882192.44	342.0	4030344.0	14908878.0	19023846.0	15033824.0	16882594.0	12493277.0	16123582.0	25161449.0	22020445.0	32448777.0
300	1517882192.45	340.0	6027206.0	16031380.0	18414071.0	14389748.0	16067368.0	15326972.0	20495135.0	22853913.0	27981706.0	36107262.0
301	1517882192.45	342.0	4439440.0	17262114.0	12452832.0	15250291.0	17626588.0	21997697.0	18328758.0	19258494.0	23667053.0	29345543.0
302	1517882192.45	342.0	3647731.0	17716715.0	13925756.0	17157879.0	17630502.0	20507219.0	17617286.0	20821678.0	21246641.0	27748057.0
303	1517882192.48	342.0	4812784.0	18039388.0	14044082.0	17156125.0	17637156.0	22050273.0	16872906.0	22534968.0	22469606.0	30790625.0
304	1517882192.48	342.0	4601604.0	17127910.0	12829068.0	16747128.0	17228131.0	20472931.0	18468498.0	18044751.0	22902233.0	26038321.0
305	1517882192.48	342.0	2437596.0	18071514.0	13222616.0	15192676.0	18460422.0	22491102.0	18838753.0	20468109.0	23609961.0	29220399.0
306	1517882192.5	342.0	5211556.0	13669846.0	20325722.0	18036653.0	21700750.0	21621792.0	16457203.0	26003321.0	26459696.0
307	1517882192.51	342.0	384.0	14744920.0	18508254.0	14830064.0	14012863.0	14081875.0	14023099.0	22883707.0	19632959.0	29048743.0	34839385.0
308	1517882192.57	342.0	3935066.0	16941848.0	20784992.0	12850742.0	15647475.0	14849443.0	20067086.0	22479774.0	28011450.0	33745056.0
309	1517882192.61	342.0	5654688.0	16527702.0	12671100.0	12842161.0	15874064.0	13462415.0	17249615.0	26456818.0	22084693.0	32853648.0
310	1517882192.61	340.0	5003536.0	13831162.0	21214414.0	16061122.0	20465203.0	22906011.0	16827356.0	24034800.0	25313843.0
311	1517882192.61	342.0	4671446.0	15444274.0	13222840.0	14846102.0	14832667.0	15687435.0	16001254.0	26915433.0	24012338.0	34341454.0
312	1517882192.63	342.0	3646231.0	13751339.0	19573184.0	14464290.0	19658855.0	26016667.0	17271293.0	26843003.0	28043478.0
313	1517882192.63	342.0	5631522.0	16822614.0	12037190.0	15259594.0	15203612.0	13989293.0	16843040.0	26625794.0	22808229.0	32162958.0
314	1517882192.64	340.0	4596620.0	14907920.0	18554752.0	16036225.0	21299883.0	23742465.0	16416839.0	24391611.0	31349996.0
315	1517882192.65	342.0	6051474.0	16483130.0	13277270.0	14027206.0	14808743.0	16027086.0	16820576.0	27633665.0	25703382.0	36003108.0
316	1517882192.65	342.0	5538754.0	15195840.0	19853193.0	17263261.0	21607690.0	20890596.0	16396735.0	24769740.0	25988543.0
317	1517882192.66	342.0	4417882.0	14260828.0	22151872.0	14934549.0	14021649.0	15608273.0	20439907.0	22899685.0	27597513.0	39272006.0
318	1517882192.67	342.0	7626840.0	16813852.0	13232702.0	13682520.0	15226768.0	14424578.0	16011284.0	26101989.0	23663191.0	32415097.0
319	1517882192.68	342.0	3236712.0	14783895.0	21587660.0	16050203.0	15210052.0	14457686.0	22516232.0	22409156.0	28865786.0
320	1517882192.71	342.0	3987678.0	13689154.0	20018912.0	16017846.0	14486506.0	15602425.0	19594867.0	24021624.0	26132515.0	36521607.0
321	1517882192.72	340.0	4414686.0	17200014.0	11657136.0	15267921.0	17099951.0	23791765.0	20058166.0	22793291.0	27644623.0	34922615.0
322	1517882192.72	342.0	4809410.0	14060192.0	18485618.0	16774715.0	22068331.0	22093353.0	18033837.0	25560092.0	30173557.0
323	1517882192.76	342.0	2183102.0	13468106.0	19634504.0	15282040.0	18640979.0	24641747.0	18027411.0	24850224.0	26472932.0
324	1517882192.76	342.0	5410190.0	16191762.0	14012632.0	13205240.0	14528710.0	14424780.0	15662955.0	28106994.0	22016491.0	32854714.0
325	1517882192.77	342.0	4713366.0	16561632.0	13665018.0	14474303.0	18481368.0	24549579.0	17576538.0	24827804.0	27308102.0	36354143.0
326	1517882192.78	342.0	5233940.0	16417156.0	13260498.0	14127388.0	19652431.0	24055650.0	17569548.0	26036769.0	29187683.0
327	1517882192.79	342.0	4045292.0	16455676.0	14457752.0	15654222.0	15064952.0	16190362.0	19217248.0	26441252.0	26467726.0	38072661.0
328	1517882192.79	342.0	3615753.0	14551017.0	19532418.0	16924704.0	14494672.0	15639071.0	20416521.0	24123122.0	25621852.0	39168414.0
329	1517882192.8	340.0	4049178.0	17318468.0	13289340.0	14418966.0	18406276.0	22889581.0	18464282.0	25992001.0	28434871.0
330	1517882192.8	342.0	5616126.0	12496176.0	18474184.0	16990335.0	21153755.0	23048769.0	17624074.0	26406224.0	31593927.0
331	1517882192.81	340.0	2040917.0	14002653.0	18064462.0	16883739.0	17605692.0	24462425.0	17655454.0	24785298.0	27273096.0
332	1517882192.81	342.0	6415984.0	14454864.0	19700311.0	17501766.0	14531506.0	17191899.0	23596455.0	24411353.0	31306896.0
333	1517882192.82	342.0	1478628.0	17813040.0	14016272.0	13256690.0	16022460.0	14062765.0	16453079.0	23632247.0	21478970.0	28310318.0
334	1517882192.82	342.0	5581368.0	13681528.0	19690114.0	16421060.0	16094952.0	16368271.0	22054221.0	24845038.0	30892415.0
335	1517882192.83	342.0	2423776.0	17700070.0	16087814.0	15640971.0	20880066.0	25208525.0	18363218.0	30024369.0	38079699.0
336	1517882192.83	342.0	6008862.0	16532496.0	13234262.0	14067712.0	15972114.0	14365676.0	17440224.0	26589974.0	24513571.0	34843897.0
337	1517882192.85	342.0	2445622.0	14077174.0	18402838.0	16820101.0	19209794.0	24751160.0	16004802.0	24922252.0	28845236.0
338	1517882192.85	342.0	5247224.0	14011720.0	19559084.0	16416350.0	16424137.0	16411285.0	22551858.0	24866920.0	31652971.0
339	1517882192.88	342.0	384.0	16443020.0	12009332.0	14065774.0	14842407.0	23220494.0	23182946.0	20510909.0	30522130.0	39688517.0
340	1517882192.91	342.0	5261956.0	17226694.0	17561950.0	13612116.0	23255972.0	23244800.0	18866521.0	33999350.0	38600095.0
341	1517882192.92	342.0	5253784.0	12815952.0	16453122.0	14831201.0	19990120.0	24843990.0	18452404.0	26843983.0	35296768.0
342	1517882192.93	342.0	4038586.0	12801528.0	16041376.0	16446685.0	20831926.0	26106681.0	18395632.0	28783108.0	38097213.0
343	1517882192.94	340.0	4295488.0	14554972.0	18036632.0	14895783.0	20378381.0	25291417.0	19567301.0	31319322.0	38439650.0
344	1517882192.94	342.0	4426880.0	14041860.0	18887448.0	19219761.0	15187266.0	18146913.0	26489374.0	24028026.0	34047835.0
345	1517882192.94	342.0	5224466.0	13823972.0	17867124.0	13233665.0	20794436.0	27726201.0	17613404.0	28100978.0	41682842.0
346	1517882192.95	342.0	5203806.0	17639018.0	17232774.0	14062497.0	23653201.0	23631911.0	18060777.0	31271932.0	44471759.0
347	1517882192.96	342.0	3232050.0	15045880.0	17442666.0	16772779.0	16873876.0	17173417.0	23358928.0	24449875.0	31101322.0
348	1517882192.98	342.0	5950710.0	16524464.0	13263698.0	17265308.0	15188268.0	16433025.0	19245030.0	25341089.0	26384084.0	40441689.0
349	1517882192.99	342.0	3624777.0	16468437.0	13608666.0	14884447.0	16825094.0	15271494.0	17630094.0	27168206.0	26031919.0	36910972.0
350	1517882193.0	342.0	4041322.0	17273590.0	16063638.0	20833537.0	15171734.0	17206433.0	24857852.0	26844033.0	37271391.0
351	1517882193.01	340.0	4005246.0	14966578.0	19058202.0	16911751.0	14413736.0	16865044.0	19361032.0	25169463.0	27284422.0	39266836.0
352	1517882193.03	342.0	3191900.0	17627970.0	15284916.0	13804021.0	20692969.0	24802624.0	18761297.0	27455647.0	40040757.0
353	1517882193.03	342.0	4039648.0	18318460.0	14180990.0	19993133.0	14885257.0	17176585.0	24080696.0	27663951.0	32806884.0
354	1517882193.06	342.0	5628796.0	16433890.0	14070702.0	19171320.0	15604381.0	16415355.0	23699185.0	27317108.0	32073932.0
355	1517882193.09	342.0	2816633.0	17135955.0	18545656.0	15587913.0	22481566.0	24875202.0	23665969.0	35677699.0
356	1517882193.09	342.0	6007566.0	15621936.0	14266484.0	17367449.0	15259250.0	16838224.0	20868218.0	26129895.0	29217845.0	33638420.0
357	1517882193.14	342.0	5644176.0	16772804.0	13881284.0	16187675.0	16037928.0	15617799.0	17310941.0	27242736.0	27646823.0	39693601.0
358	1517882193.19	342.0	6186944.0	17490222.0	15746584.0	19193068.0	17705644.0	16038698.0	28022314.0	28041660.0	38094453.0
359	1517882193.21	342.0	3239000.0	12830616.0	14688374.0	14157226.0	18441660.0	26089315.0	22036613.0	27817645.0	43962826.0
360	1517882193.21	340.0	4850898.0	16760270.0	18550402.0	21251779.0	17215161.0	18065317.0	31212012.0	31661505.0
361	1517882193.29	342.0	6426706.0	17212412.0	20615531.0	18725836.0	28432335.0	21602804.0	31796991.0	46818875.0
362	1517882193.33	342.0	2940770.0	16767058.0	14464778.0	20766959.0	17719536.0	17645262.0	26407438.0	34483198.0
363	1517882193.33	342.0	6849094.0	16411990.0	21684360.0	19654745.0	16041594.0	22420902.0	30063529.0	37710584.0
364	1517882193.35	342.0	4814208.0	16046316.0	22842303.0	21570532.0	16020906.0	20913350.0	32885036.0	41491900.0
365	1517882193.43	342.0	6039956.0	17662240.0	22391529.0	20492519.0	30799485.0	27979768.0	40969480.0
366	1517882193.43	340.0	340.0	12436540.0	19607202.0	17624022.0	23221682.0	29347871.0	28092984.0	42541652.0
367	1517882193.47	340.0	4061390.0	16860696.0	22406632.0	20416527.0	17704782.0	23546527.0	33699978.0	49315731.0
368	1517882193.48	342.0	4035296.0	18846304.0	16458332.0	16807986.0	28631941.0	33226493.0	40372481.0
369	1517882193.54	342.0	6014722.0	18496412.0	16421768.0	19455901.0	30649412.0	35609653.0	52061344.0
370	1517882193.55	342.0	5710062.0	15168938.0	22930117.0	19621181.0	18844401.0	22396514.0	34461956.0	52874612.0
371	1517882193.6	342.0	4075184.0	17610192.0	23641829.0	20299137.0	18541050.0	25511014.0	36216404.0
372	1517882193.61	342.0	5209710.0	13572206.0	24160259.0	20842482.0	17671016.0	26357760.0	38116617.0
373	1517882193.66	342.0	5279700.0	17987232.0	24479191.0	20443967.0	19355410.0	24828090.0	38870813.0
374	1517882193.71	342.0	7631166.0	19439080.0	17807908.0	25285381.0	28928498.0	39263904.0
375	1517882193.74	342.0	2092320.0	19260828.0	14428010.0	22008802.0	20417107.0	30923401.0	41736086.0
376	1517882193.75	342.0	5871992.0	19837088.0	16813588.0	21222671.0	28496893.0	38398342.0	63764691.0
377	1517882193.94	342.0	7637608.0	26108280.0	32822550.0	39674639.0	63705587.0
378	1517882193.98	342.0	2032647.0	17417441.0	24290355.0	22085067.0	28849142.0	46145201.0
379	1517882194.09	342.0	8895628.0	19969398.0	24477695.0	26481680.0	43275588.0	74481062.0
380	1517882194.12	340.0	7232266.0	22079908.0	25298708.0	37353059.0	53182743.0
381	1517882194.22	342.0	1628870.0	22826892.0	22850796.0	35321056.0	47581889.0
382	1517882194.33	342.0	9296242.0	25579964.0	33233110.0	52340881.0	68731849.0
383	1517882194.34	342.0	5190178.0	24547754.0	33177411.0	47404078.0	68892534.0
384	1517882194.38	342.0	8101328.0	22772276.0	35339089.0	45958127.0	71428974.0
385	1517882194.44	342.0	6153710.0	25193482.0	29871789.0	53090960.0	75116320.0
386	1517882194.44	342.0	2132722.0	29590210.0	37691097.0	64072196.0
387	1517882194.45	342.0	6435562.0	24055454.0	34069215.0	51238268.0	71771351.0
388	1517882194.46	342.0	8175678.0	27500112.0	37737091.0	62095377.0
389	1517882194.5	342.0	7264994.0	27082702.0	38232753.0	65250665.0
390	1517882194.51	340.0	1232431.0	26860533.0	41254959.0	76512711.0
391	1517882194.55	342.0	6201794.0	30345400.0	40868567.0	65747516.0
392	1517882194.66	342.0	7580970.0	28972918.0	38114832.0	69272313.0
393	1517882194.75	342.0	5318938.0	35625708.0	52848376.0	78295901.0
394	1517882194.76	342.0	15293664.0	40872380.0	77271539.0
395	1517882194.79	342.0	7660492.0	24893606.0	37694047.0	61459883.0
396	1517882194.83	342.0	10386560.0	39668807.0	63653303.0
397	1517882194.86	342.0	8884252.0	34591379.0	65112202.0	80226220.0
398	1517882194.95	342.0	14125614.0	65729115.0	84741227.0
399	1517882194.97	342.0	10069538.0	51378803.0	80377333.0
400	1517882194.99	342.0	13638632.0	58578344.0	79399850.0
401	1517882195.05	342.0	16005188.0	59709805.0	79493064.0
402	1517882195.09	342.0	8467420.0	46486301.0	71360078.0
403	1517882195.16	342.0	3258858.0	55651579.0	72150684.0
404	1517882195.18	342.0	9750468.0	76840030.0	87404504.0
405	1517882195.2	342.0	16347876.0	71564103.0	89930986.0
406	1517882195.25	342.0	14015870.0	65274964.0	79387402.0
407	1517882195.27	342.0	16173718.0	64076152.0	80944924.0
408	1517882195.27	342.0	11238016.0	53323283.0	79184202.0
409	1517882195.3	342.0	10052878.0	58906916.0	73313029.0
410	1517882195.4	342.0	14303594.0	72346092.0	92563301.0
411	1517882195.43	342.0	14806766.0	72658884.0	86554198.0
412	1517882195.45	342.0	19226858.0	75482654.0	85285635.0
413	1517882195.65	342.0	13175042.0	69348288.0	99912483.0
414	1517882195.68	342.0	16022588.0	70996163.0	90210899.0
415	1517882195.72	342.0	15183162.0	61838426.0	89219970.0
416	1517882195.73	342.0	7343508.0	73654428.0	97428571.0
417	1517882195.84	342.0	16835046.0	62869777.0	48547748.0
418	1517882195.95	342.0	342.0	57782898.0	89037682.0
419	1517882196.19	342.0	22628244.0	90952165.0
420	1517882196.55	342.0	342.0	71410168.0	97766768.0
421	1517882196.56	342.0	18683030.0	91277756.0
422	1517882196.57	342.0	24961640.0	103274603.0
423	1517882196.66	342.0	19627818.0	95961210.0
424	1517882196.81	342.0	28076318.0	68547501.0	89776794.0
425	1517882196.83	342.0	29848410.0	90403068.0
426	1517882196.92	342.0	30345874.0	90397761.0
427	1517882196.97	342.0	20495434.0	98595951.0
428	1517882197.18	340.0	21130636.0	101212727.0
429	1517882197.3	342.0	11510688.0	99137334.0
430	1517882197.32	342.0	20428946.0	99385889.0
431	1517882197.46	342.0	20110676.0	99677039.0
432	1517882197.53	342.0	29976000.0	89782676.0
433	1517882197.55	342.0	4729980.0	97524633.0
434	1517882197.58	342.0	23192460.0	138123892.0
435	1517882197.76	342.0	21666402.0	97701546.0
436	1517882198.07	342.0	23529834.0	88965568.0
437	1517882198.09	342.0	13776720.0	87254338.0	88546695.0
438	1517882198.11	342.0	31231672.0	89444161.0
439	1517882198.13	342.0	32790582.0	90529045.0
440	1517882198.17	342.0	20481402.0	98972002.0
441	1517882198.22	342.0	14217688.0	139488152.0
442	1517882198.28	342.0	12023770.0	92590733.0
443	1517882198.47	342.0	20484880.0	100614024.0
444	1517882198.56	342.0	19578876.0	103036888.0
445	1517882198.66	342.0	18197282.0	129983821.0
446	1517882198.67	342.0	20985626.0	100491665.0
447	1517882198.67	342.0	29528498.0	90384179.0
448	1517882199.12	342.0	23679690.0	88476974.0
449	1517882199.53	342.0	31017376.0	90315633.0
450	1517882199.65	342.0	29811092.0	90160851.0
451	1517882199.68	342.0	32148956.0	72218639.0	91320891.0
452	1517882199.78	342.0	33525964.0	90083556.0
453	1517882201.94	340.0	24545954.0	145975282.0
454	1517882206.07	340.0	32826236.0	145562578.0
455	1517882206.81	342.0	9975482.0	106363530.0
456	1517882207.09	342.0	29855346.0	89752826.0
457	1517882207.41	342.0	25861106.0	115464054.0
458	1517882207.94	342.0	27852290.0	90958334.0
459	1517882207.99	342.0	28760090.0	90451623.0
460	1517882208.1	342.0	24427220.0	90167990.0
461	1517882208.62	342.0	22992596.0	144806302.0
462	1517882208.67	342.0	36840536.0	143881698.0
463	1517882208.78	342.0	28964242.0	91115099.0
464	1517882208.99	342.0	28141686.0	70736968.0	90187875.0
465	1517882209.09	342.0	26994596.0	90444751.0
466	1517882209.11	342.0	26085390.0	121747904.0
467	1517882209.12	342.0	19652398.0	145028140.0
468	1517882209.16	342.0	28269906.0	89892454.0
469	1517882209.17	342.0	35903896.0	143851639.0
470	1517882209.23	342.0	25506300.0	113992347.0
471	1517882209.88	340.0	30079200.0	146030766.0
472	1517882210.07	342.0	25340612.0	145477817.0
473	1517882210.11	342.0	4423510.0	140413530.0
474	1517882210.12	342.0	19504060.0	115872599.0
475	1517882211.32	342.0	9337138.0	108752467.0
476	1517882211.39	342.0	33350590.0	145240008.0
477	1517882211.72	342.0	25973268.0	145706779.0
478	1517882212.39	342.0	9315982.0	146076746.0
479	1517882212.43	342.0	29344952.0	91066988.0
480	1517882214.18	342.0	35611110.0	90748617.0	71477432.0
481	1517882215.99	342.0	20720134.0	91039786.0
482	1517882216.68	342.0	25583294.0	90178132.0
483	1517882217.66	342.0	15496720.0	139203797.0
484	1517882217.69	342.0	27385560.0	90201403.0
485	1517882218.94	342.0	4024200.0	90199903.0	90405321.0
486	1517882221.84	342.0	26450386.0	89554451.0
487	1517882222.13	342.0	29332376.0	90121342.0
488	1517882229.35	340.0	27712512.0	71977926.0	90342944.0
489	1517882266.81	342.0	28080884.0	89980640.0
490	1517882268.82	342.0	23673620.0	91037862.0
491	1517882269.31	342.0	19958106.0	145789482.0
492	1517882269.56	342.0	35632704.0	144232052.0
493	1517882270.96	342.0	21288372.0	144567613.0
494	1517882273.86	340.0	35760618.0	143713335.0
495	1517882274.05	342.0	27714410.0	90319818.0
496	1517882274.89	342.0	29897662.0	71472410.0	90199589.0
497	1517882277.39	342.0	37691608.0	143590572.0
498	1517882280.25	342.0	33194122.0	143802544.0
499	1517882281.93	342.0	28306450.0	90169735.0	72175374.0
