0	1517906719.58
1	1517906719.58	3829652.0	144771.0
2	1517906719.59	2865989.0	65970.0
3	1517906719.59
4	1517906719.59
5	1517906719.6
6	1517906719.6
7	1517906719.6
8	1517906719.61
9	1517906719.61	713701.0
10	1517906719.61	367699.0
11	1517906719.61
12	1517906719.61
13	1517906719.61
14	1517906719.61
15	1517906719.61	614103.0
16	1517906719.61
17	1517906719.61	251796.0
18	1517906719.62	635903.0
19	1517906719.62
20	1517906719.62
21	1517906719.62	746683.0
22	1517906719.62	3950389.0
23	1517906719.62
24	1517906719.62	1007229.0
25	1517906719.62	319023.0
26	1517906719.63
27	1517906719.63
28	1517906719.63	721259.0
29	1517906719.63
30	1517906719.64	1102876.0
31	1517906719.65
32	1517906719.65	1006066.0
33	1517906719.65	3837431.0
34	1517906719.65	1025977.0	20174.0
35	1517906719.65
36	1517906719.65
37	1517906719.66
38	1517906719.66
39	1517906719.66
40	1517906719.66	997781.0
41	1517906719.66	1099313.0
42	1517906719.66
43	1517906719.66
44	1517906719.66
45	1517906719.66
46	1517906719.67	1438361.0
47	1517906719.67
48	1517906719.67	4123821.0
49	1517906719.67	790531.0
50	1517906719.67	994121.0	41700.0
51	1517906719.67	15252.0
52	1517906719.67
53	1517906719.67
54	1517906719.67	1066817.0
55	1517906719.67	312126.0
56	1517906719.67
57	1517906719.68
58	1517906719.68
59	1517906719.68	565038.0
60	1517906719.68	1022427.0
61	1517906719.68	3643235.0
62	1517906719.68	767944.0
63	1517906719.68
64	1517906719.68	1016694.0
65	1517906719.68
66	1517906719.68	3201381.0	133409.0
67	1517906719.68	2267556.0
68	1517906719.68	997328.0	20168.0
69	1517906719.68	2772596.0
70	1517906719.68	4231236.0
71	1517906719.68
72	1517906719.68
73	1517906719.68	586028.0
74	1517906719.69
75	1517906719.69	1003802.0
76	1517906719.69	1122950.0
77	1517906719.69
78	1517906719.69	2617798.0	117220.0
79	1517906719.69	2655500.0
80	1517906719.69	2643864.0	117324.0
81	1517906719.69
82	1517906719.69	4128635.0	18420.0
83	1517906719.69
84	1517906719.69	931486.0
85	1517906719.69	107508.0
86	1517906719.69	740605.0	1156.0	1156.0	42057.0
87	1517906719.7	3878904.0
88	1517906719.7
89	1517906719.7	2653054.0	122731.0
90	1517906719.71	1006265.0
91	1517906719.71
92	1517906719.71
93	1517906719.76
94	1517906719.77
95	1517906719.77
96	1517906719.78
97	1517906719.78
98	1517906719.78
99	1517906719.79
100	1517906719.79
101	1517906719.79
102	1517906719.79
103	1517906719.79
104	1517906719.79
105	1517906719.79	444344.0
106	1517906719.79
107	1517906719.79
108	1517906719.79	1009227.0
109	1517906719.79
110	1517906719.8
111	1517906719.8
112	1517906719.8
113	1517906719.8
114	1517906719.8
115	1517906719.8	1023642.0
116	1517906719.8
117	1517906719.8	4063931.0
118	1517906719.8
119	1517906719.8
120	1517906719.8
121	1517906719.8
122	1517906719.8
123	1517906719.8	986843.0
124	1517906719.8
125	1517906719.8	993976.0
126	1517906719.8
127	1517906719.8	453205.0
128	1517906719.8
129	1517906719.8
130	1517906719.8
131	1517906719.8
132	1517906719.8
133	1517906719.8
134	1517906719.81	4906271.0
135	1517906719.81	2120788.0
136	1517906719.81
137	1517906719.81	759928.0
138	1517906719.81	825642.0
139	1517906719.81
140	1517906719.81
141	1517906719.81	1952737.0
142	1517906719.81	2306738.0
143	1517906719.81	3410118.0
144	1517906719.81
145	1517906719.81	3835235.0
146	1517906719.81
147	1517906719.81	1045349.0
148	1517906719.81
149	1517906719.81	512671.0	1156.0	1156.0
150	1517906719.81
151	1517906719.81
152	1517906719.81	794387.0
153	1517906719.81
154	1517906719.82	111067.0
155	1517906719.82
156	1517906719.82
157	1517906719.82	986652.0
158	1517906719.82	775275.0
159	1517906719.82
160	1517906719.82
161	1517906719.82
162	1517906719.82
163	1517906719.83
164	1517906719.83	4162295.0
165	1517906719.83
166	1517906719.83	857636.0
167	1517906719.83
168	1517906719.83	3870653.0
169	1517906719.83	3635072.0
170	1517906719.84
171	1517906719.84
172	1517906719.84
173	1517906719.84	2303934.0
174	1517906719.84
175	1517906719.84
176	1517906719.84
177	1517906719.85
178	1517906719.85	3847524.0
179	1517906719.85	401880.0
180	1517906719.85	3462036.0
181	1517906719.85
182	1517906719.85
183	1517906719.85	4380941.0
184	1517906719.85	4111859.0	1734.0
185	1517906719.85
186	1517906719.85
187	1517906719.85
188	1517906719.85	1424741.0
189	1517906719.86	334698.0
190	1517906719.86	3616239.0
191	1517906719.86
192	1517906719.86	2022432.0
193	1517906719.86
194	1517906719.86
195	1517906719.86	4289118.0
196	1517906719.86
197	1517906719.87
198	1517906719.87	1466997.0
199	1517906719.87
200	1517906719.87
201	1517906719.87
202	1517906719.87
203	1517906719.87	4589629.0
204	1517906719.87
205	1517906719.87
206	1517906719.87	3407986.0
207	1517906719.88
208	1517906719.88	980939.0
209	1517906719.88	2815786.0
210	1517906719.88
211	1517906719.88
212	1517906719.88	727095.0
213	1517906719.88	805717.0	58068.0
214	1517906719.88	3646207.0
215	1517906719.88
216	1517906719.88
217	1517906719.88	1927635.0
218	1517906719.89
219	1517906719.89	45500.0
220	1517906719.89
221	1517906719.89	3855028.0
222	1517906719.91
223	1517906720.0
224	1517906720.0
225	1517906720.01
226	1517906720.02	363437.0
227	1517906720.02
228	1517906720.02
229	1517906720.03	675811.0
230	1517906720.04
231	1517906720.04	666444.0
232	1517906720.05	1159925.0
233	1517906720.07
234	1517906720.07	530292.0
235	1517906720.07	586951.0
236	1517906720.08
237	1517906720.09
238	1517906720.09	1185686.0
239	1517906720.11	1029397.0
240	1517906720.11
241	1517906720.11
242	1517906720.11
243	1517906720.13
244	1517906720.14
245	1517906720.14	4316843.0
246	1517906720.15
247	1517906720.15
248	1517906720.15	1014650.0
249	1517906720.15	643857.0
250	1517906720.16	1217906.0
251	1517906720.16
252	1517906720.16
253	1517906720.17	1026073.0
254	1517906720.18	1017499.0
255	1517906720.18
256	1517906720.18
257	1517906720.18	1018170.0
258	1517906720.18	2815935.0
259	1517906720.18
260	1517906720.18	2820226.0
261	1517906720.19	1276465.0
262	1517906720.19
263	1517906720.19	4682274.0
264	1517906720.2	795538.0
265	1517906720.2	1070497.0
266	1517906720.2	2825356.0
267	1517906720.2
268	1517906720.2
269	1517906720.2
270	1517906720.2
271	1517906720.21	795106.0	578.0
272	1517906720.21
273	1517906720.21
274	1517906720.22	3149384.0
275	1517906720.22	1068657.0
276	1517906720.22
277	1517906720.22	1171535.0
278	1517906720.22
279	1517906720.23	93576.0
280	1517906720.23
281	1517906720.23
282	1517906720.23	2829480.0	267524.0
283	1517906720.23	624294.0	39564.0
284	1517906720.23
285	1517906720.23	151270.0
286	1517906720.23	2917650.0
287	1517906720.24	543652.0
288	1517906720.24
289	1517906720.24	1056448.0
290	1517906720.24
291	1517906720.24
292	1517906720.24	715138.0
293	1517906720.24	3852514.0
294	1517906720.24	1166181.0
295	1517906720.24
296	1517906720.24	2791087.0
297	1517906720.24	818838.0	15052.0
298	1517906720.24	1139009.0
299	1517906720.24
300	1517906720.25	738593.0
301	1517906720.25	1238784.0	230918.0
302	1517906720.25	1152585.0
303	1517906720.26
304	1517906720.26
305	1517906720.26	3080437.0
306	1517906720.26
307	1517906720.27
308	1517906720.27	588116.0
309	1517906720.27	1045348.0
310	1517906720.27
311	1517906720.27	994373.0	578.0	22799.0	25968.0	578.0
312	1517906720.27	2804594.0
313	1517906720.27
314	1517906720.27	604359.0
315	1517906720.28
316	1517906720.28	2884118.0
317	1517906720.28
318	1517906720.28	910467.0	179748.0
319	1517906720.28	706898.0
320	1517906720.28
321	1517906720.28
322	1517906720.28	784006.0
323	1517906720.28	950755.0
324	1517906720.28
325	1517906720.28
326	1517906720.29	618949.0
327	1517906720.29	1009653.0	34985.0
328	1517906720.29	1131868.0
329	1517906720.29	3839679.0
330	1517906720.29	3076804.0	161927.0
331	1517906720.3
332	1517906720.3
333	1517906720.3	3860916.0
334	1517906720.3	2702664.0	151588.0
335	1517906720.3	3450948.0
336	1517906720.31
337	1517906720.31
338	1517906720.31	1106042.0
339	1517906720.32	990209.0
340	1517906720.32
341	1517906720.32	1093929.0
342	1517906720.32	4315661.0
343	1517906720.32
344	1517906720.32
345	1517906720.32
346	1517906720.32	1084802.0
347	1517906720.32	2981537.0
348	1517906720.33	3093641.0
349	1517906720.33	2927475.0
350	1517906720.33
351	1517906720.34
352	1517906720.34	3307516.0
353	1517906720.34	3930456.0
354	1517906720.34
355	1517906720.35
356	1517906720.35	1190328.0
357	1517906720.35	4151435.0
358	1517906720.36	4127338.0
359	1517906720.36	1797963.0	174648.0
360	1517906720.36
361	1517906720.36
362	1517906720.37
363	1517906720.37	2014608.0
364	1517906720.37
365	1517906720.37
366	1517906720.38	4230345.0
367	1517906720.39	771804.0
368	1517906720.39
369	1517906720.39	21164.0
370	1517906720.4
371	1517906720.4	9685.0
372	1517906720.4	4212956.0
373	1517906720.4
374	1517906720.4
375	1517906720.4	1254530.0
376	1517906720.4	3881018.0
377	1517906720.4	1083031.0
378	1517906720.4
379	1517906720.4	3823347.0	107262.0
380	1517906720.41
381	1517906720.41	1676617.0
382	1517906720.41
383	1517906720.41
384	1517906720.41	2306941.0
385	1517906720.41	2639983.0
386	1517906720.41	8747.0
387	1517906720.41
388	1517906720.42
389	1517906720.42	4164184.0
390	1517906720.42
391	1517906720.42	3628718.0
392	1517906720.42	4026314.0
393	1517906720.42
394	1517906720.42	3745214.0
395	1517906720.43	1454522.0
396	1517906720.43	3822730.0
397	1517906720.43
398	1517906720.43	557913.0	18998.0	59944.0
399	1517906720.43
400	1517906720.43
401	1517906720.43	4421927.0	21908.0
402	1517906720.44	3820052.0
403	1517906720.44	4291361.0
404	1517906720.44
405	1517906720.44
406	1517906720.44	3366673.0	243269.0
407	1517906720.44	1011055.0
408	1517906720.44
409	1517906720.44
410	1517906720.44	1214696.0
411	1517906720.44	2705010.0	65475.0
412	1517906720.44	2346265.0
413	1517906720.44
414	1517906720.45
415	1517906720.45
416	1517906720.45
417	1517906720.45	1156766.0
418	1517906720.45	1138252.0
419	1517906720.45
420	1517906720.45	1043642.0
421	1517906720.45
422	1517906720.46
423	1517906720.46	723501.0
424	1517906720.46
425	1517906720.46
426	1517906720.46
427	1517906720.46
428	1517906720.46
429	1517906720.46
430	1517906720.46
431	1517906720.46
432	1517906720.47	3712610.0
433	1517906720.47
434	1517906720.47
435	1517906720.47
436	1517906720.47
437	1517906720.47
438	1517906720.47
439	1517906720.48	1043340.0
440	1517906720.48
441	1517906720.48	1818662.0	1734.0	47444.0
442	1517906720.48
443	1517906720.48
444	1517906720.48
445	1517906720.48
446	1517906720.48	471242.0
447	1517906720.48	649236.0
448	1517906720.48
449	1517906720.48	1976726.0	1734.0
450	1517906720.48	710264.0
451	1517906720.49	1613094.0
452	1517906720.49
453	1517906720.49	3571522.0
454	1517906720.49
455	1517906720.49
456	1517906720.49
457	1517906720.49	7995.0
458	1517906720.5
459	1517906720.5
460	1517906720.5	1033627.0
461	1517906720.5
462	1517906720.5
463	1517906720.51
464	1517906720.51
465	1517906720.51	3820080.0
466	1517906720.51
467	1517906720.52	2877529.0
468	1517906720.52
469	1517906720.52
470	1517906720.52	2701303.0
471	1517906720.53	2589659.0
472	1517906720.53
473	1517906720.53
474	1517906720.53
475	1517906720.53
476	1517906720.54	574537.0	39346.0	578.0
477	1517906720.54
478	1517906720.55	19051.0
479	1517906720.55
480	1517906720.55
481	1517906720.55
482	1517906720.55
483	1517906720.56	1071891.0
484	1517906720.57
485	1517906720.57	1825858.0	1734.0
486	1517906720.57	936177.0
487	1517906720.57	1658342.0
488	1517906720.58	1025127.0
489	1517906720.58	125823.0
490	1517906720.58	3835247.0
491	1517906720.58
492	1517906720.59	1690452.0
493	1517906720.59	3869456.0
494	1517906720.59	3821349.0
495	1517906720.59	4188911.0
496	1517906720.6
497	1517906720.6
498	1517906720.6	790090.0
499	1517906720.6	2800012.0	16800.0
500	1517906720.6
501	1517906720.61	628929.0
502	1517906720.61	596989.0
503	1517906720.62	2299.0
504	1517906720.63
505	1517906720.63	3824675.0
506	1517906720.63	2809774.0
507	1517906720.63	314315.0
508	1517906720.63
509	1517906720.64
510	1517906720.64	1721.0	1734.0
511	1517906720.65	1808983.0
512	1517906720.65	1674718.0
513	1517906720.65	1742895.0
514	1517906720.65	3461988.0
515	1517906720.65	1671662.0
516	1517906720.65
517	1517906720.65
518	1517906720.66	756222.0
519	1517906720.66
520	1517906720.67
521	1517906720.68	466966.0
522	1517906720.68	668804.0	34207.0
523	1517906720.68
524	1517906720.68	1725698.0	1728.0
525	1517906720.68
526	1517906720.68
527	1517906720.68
528	1517906720.68
529	1517906720.69
530	1517906720.69
531	1517906720.69
532	1517906720.69
533	1517906720.69
534	1517906720.7	1648710.0
535	1517906720.7	3300272.0	578.0	167819.0	187840.0
536	1517906720.7
537	1517906720.7
538	1517906720.7
539	1517906720.71
540	1517906720.71
541	1517906720.72	1623403.0
542	1517906720.72	1940483.0
543	1517906720.73
544	1517906720.73
545	1517906720.74	1552917.0
546	1517906720.74	3916826.0	122628.0	63246.0
547	1517906720.74	743432.0	578.0
548	1517906720.75
549	1517906720.75
550	1517906720.76
551	1517906720.76
552	1517906720.76	1221311.0
553	1517906720.76	4436753.0
554	1517906720.76	1108078.0
555	1517906720.76
556	1517906720.76	779755.0
557	1517906720.76	3348257.0
558	1517906720.76	2490231.0
559	1517906720.77
560	1517906720.77
561	1517906720.77	1670904.0
562	1517906720.77	1874231.0
563	1517906720.78
564	1517906720.78	3833957.0
565	1517906720.78
566	1517906720.78
567	1517906720.78	727769.0
568	1517906720.78
569	1517906720.79	1695181.0
570	1517906720.79	2299.0
571	1517906720.79	996296.0
572	1517906720.79	622967.0
573	1517906720.79
574	1517906720.79	1670873.0
575	1517906720.79
576	1517906720.8
577	1517906720.8
578	1517906720.8	909.0	5074.0
579	1517906720.8	1678744.0
580	1517906720.8	566536.0
581	1517906720.8
582	1517906720.81
583	1517906720.81	995874.0	2595.0
584	1517906720.81
585	1517906720.81	473290.0
586	1517906720.81	805580.0	578.0	5781.0
587	1517906720.81
588	1517906720.81	3827586.0
589	1517906720.81	1041719.0
590	1517906720.82
591	1517906720.82	1721.0	1734.0
592	1517906720.82	2780964.0
593	1517906720.82
594	1517906720.82
595	1517906720.82
596	1517906720.83	3682349.0
597	1517906720.83
598	1517906720.83
599	1517906720.83	3383299.0	578.0	232157.0
600	1517906720.83	1292451.0	578.0	193087.0
601	1517906720.83	1607366.0
602	1517906720.83
603	1517906720.84	1034416.0
604	1517906720.84
605	1517906720.84	4135483.0
606	1517906720.84	1710018.0
607	1517906720.84	3624965.0
608	1517906720.84
609	1517906720.84	1120239.0
610	1517906720.85
611	1517906720.85	4475180.0
612	1517906720.85	3870955.0
613	1517906720.85	3674895.0
614	1517906720.85	1750088.0	11788.0
615	1517906720.85	4246833.0
616	1517906720.85	3833894.0
617	1517906720.85	3838629.0
618	1517906720.86	1932243.0	2312.0
619	1517906720.86
620	1517906720.86	4296630.0
621	1517906720.87
622	1517906720.87	2471099.0
623	1517906720.88	61312.0
624	1517906720.88
625	1517906720.88	1864101.0	21244.0
626	1517906720.88
627	1517906720.89
628	1517906720.89	1815053.0	2304.0
629	1517906720.9
630	1517906720.9	3988288.0
631	1517906720.9
632	1517906720.9	3816338.0
633	1517906720.9
634	1517906720.91	933462.0
635	1517906720.91
636	1517906720.91	21738.0
637	1517906720.91	3720080.0	578.0	134554.0
638	1517906720.91
639	1517906720.91
640	1517906720.91
641	1517906720.91	444868.0
642	1517906720.92	3912029.0
643	1517906720.92
644	1517906720.92	4095769.0
645	1517906720.92
646	1517906720.92
647	1517906720.92
648	1517906720.92
649	1517906720.92	1029402.0
650	1517906720.92
651	1517906720.93
652	1517906720.93	939413.0
653	1517906720.93
654	1517906720.93
655	1517906720.93
656	1517906720.93
657	1517906720.93
658	1517906720.94
659	1517906720.94
660	1517906720.94
661	1517906720.94	4270133.0
662	1517906720.94
663	1517906720.94
664	1517906720.94
665	1517906720.95	3821947.0
666	1517906720.95
667	1517906720.96	3831225.0
668	1517906720.96
669	1517906720.96	3556662.0	79128.0
670	1517906720.97
671	1517906720.97	4184509.0
672	1517906720.97	2981547.0
673	1517906720.97
674	1517906720.97	435439.0
675	1517906720.97	4272970.0
676	1517906720.97	2507618.0
677	1517906720.97	1136084.0
678	1517906720.97	3832539.0
679	1517906720.98	2014863.0	1734.0	2361.0
680	1517906720.98
681	1517906720.98
682	1517906720.98	3647351.0
683	1517906720.98
684	1517906720.98	3828687.0
685	1517906720.98	3667116.0
686	1517906720.99	2299.0
687	1517906720.99
688	1517906720.99	3379166.0
689	1517906720.99	2771414.0
690	1517906720.99	2848636.0
691	1517906720.99	3402282.0
692	1517906721.0
693	1517906721.0
694	1517906721.0
695	1517906721.0	4087463.0
696	1517906721.0	1510571.0
697	1517906721.0
698	1517906721.0	1972604.0
699	1517906721.0
700	1517906721.01	35986.0	2132.0	2608.0
701	1517906721.01	4371518.0	51165.0
702	1517906721.02	2299.0
703	1517906721.02
704	1517906721.02	3628719.0
705	1517906721.02
706	1517906721.02
707	1517906721.02	3610662.0
708	1517906721.02
709	1517906721.03
710	1517906721.03
711	1517906721.03
712	1517906721.03	1116081.0
713	1517906721.04
714	1517906721.04	865713.0
715	1517906721.04
716	1517906721.04
717	1517906721.04	3626165.0
718	1517906721.04	2964504.0
719	1517906721.05
720	1517906721.05
721	1517906721.06
722	1517906721.06
723	1517906721.06
724	1517906721.06
725	1517906721.07
726	1517906721.07	3436451.0
727	1517906721.08
728	1517906721.08
729	1517906721.08	709683.0
730	1517906721.08	3795052.0
731	1517906721.09
732	1517906721.09
733	1517906721.09
734	1517906721.09
735	1517906721.1
736	1517906721.1
737	1517906721.1
738	1517906721.1
739	1517906721.1
740	1517906721.1
741	1517906721.1
742	1517906721.1
743	1517906721.1	970198.0
744	1517906721.1	671892.0
745	1517906721.1
746	1517906721.1
747	1517906721.11	451839.0
748	1517906721.11
749	1517906721.11
750	1517906721.11
751	1517906721.11
752	1517906721.11
753	1517906721.11	99049.0
754	1517906721.11
755	1517906721.11
756	1517906721.11
757	1517906721.11
758	1517906721.12	4108263.0
759	1517906721.12	665051.0
760	1517906721.12	778539.0
761	1517906721.12
762	1517906721.12	3891111.0
763	1517906721.12
764	1517906721.12	1021196.0
765	1517906721.12
766	1517906721.12	1513028.0
767	1517906721.12
768	1517906721.12
769	1517906721.12
770	1517906721.12
771	1517906721.13
772	1517906721.13
773	1517906721.13	2009610.0
774	1517906721.13
775	1517906721.13
776	1517906721.13
777	1517906721.13
778	1517906721.13	2566687.0
779	1517906721.13
780	1517906721.13
781	1517906721.13
782	1517906721.13
783	1517906721.13	1855253.0
784	1517906721.13
785	1517906721.14
786	1517906721.14
787	1517906721.14
788	1517906721.14
789	1517906721.14
790	1517906721.14
791	1517906721.14
792	1517906721.14
793	1517906721.14
794	1517906721.14
795	1517906721.14
796	1517906721.15
797	1517906721.16
798	1517906721.16
799	1517906721.16
800	1517906721.16
801	1517906721.17
802	1517906721.17
803	1517906721.17
804	1517906721.17	2788858.0	578.0
805	1517906721.17	2797158.0
806	1517906721.17
807	1517906721.19
808	1517906721.19
809	1517906721.19	1620230.0
810	1517906721.19	1082472.0
811	1517906721.19	1610890.0
812	1517906721.19
813	1517906721.19	770457.0
814	1517906721.19
815	1517906721.2
816	1517906721.2
817	1517906721.2
818	1517906721.2
819	1517906721.21
820	1517906721.21
821	1517906721.21
822	1517906721.21
823	1517906721.21
824	1517906721.21
825	1517906721.22
826	1517906721.22	4242846.0
827	1517906721.22
828	1517906721.22
829	1517906721.23	4120417.0
830	1517906721.23
831	1517906721.23
832	1517906721.23
833	1517906721.24	928893.0
834	1517906721.24	2151621.0
835	1517906721.24	1055094.0
836	1517906721.24
837	1517906721.25	1728336.0
838	1517906721.25
839	1517906721.25
840	1517906721.25
841	1517906721.26
842	1517906721.26
843	1517906721.26
844	1517906721.26
845	1517906721.27
846	1517906721.27
847	1517906721.27
848	1517906721.27
849	1517906721.27
850	1517906721.28
851	1517906721.28	3819714.0
852	1517906721.29
853	1517906721.29
854	1517906721.29
855	1517906721.29	1061343.0
856	1517906721.29
857	1517906721.29
858	1517906721.3	1685038.0
859	1517906721.3
860	1517906721.3
861	1517906721.3
862	1517906721.3
863	1517906721.3
864	1517906721.31
865	1517906721.31
866	1517906721.31
867	1517906721.31
868	1517906721.31	1076600.0
869	1517906721.31
870	1517906721.31
871	1517906721.32
872	1517906721.32
873	1517906721.32
874	1517906721.32
875	1517906721.32
876	1517906721.32
877	1517906721.32
878	1517906721.32	1039174.0
879	1517906721.32	2369171.0
880	1517906721.32
881	1517906721.33	1555610.0
882	1517906721.33
883	1517906721.33
884	1517906721.33	4136358.0
885	1517906721.33	1821473.0
886	1517906721.34	2057958.0
887	1517906721.34	1144975.0	2072.0
888	1517906721.35
889	1517906721.35	2299.0
890	1517906721.35
891	1517906721.35	4073610.0	46752.0
892	1517906721.35
893	1517906721.35	539715.0	138318.0
894	1517906721.35	3528172.0	442149.0
895	1517906721.35
896	1517906721.36
897	1517906721.36
898	1517906721.36
899	1517906721.37
900	1517906721.37	2157346.0	578.0	578.0
901	1517906721.37	1143.0	1156.0	1156.0	1198.0	1156.0	154070.0
902	1517906721.37
903	1517906721.37	2992434.0
904	1517906721.37
905	1517906721.38
906	1517906721.38
907	1517906721.39
908	1517906721.39
909	1517906721.39
910	1517906721.4
911	1517906721.4	3749029.0
912	1517906721.4	635829.0	632.0
913	1517906721.4	3854101.0
914	1517906721.4	185080.0
915	1517906721.4
916	1517906721.4
917	1517906721.4
918	1517906721.41	577564.0
919	1517906721.41	1743312.0	4492.0
920	1517906721.41	2299.0
921	1517906721.41
922	1517906721.41	1949188.0	916.0
923	1517906721.41
924	1517906721.41
925	1517906721.41
926	1517906721.41
927	1517906721.43
928	1517906721.43
929	1517906721.44
930	1517906721.44	1062818.0	15112.0
931	1517906721.44	1607984.0
932	1517906721.44
933	1517906721.44
934	1517906721.44
935	1517906721.45	2000950.0	2312.0	6280.0
936	1517906721.45
937	1517906721.45
938	1517906721.45
939	1517906721.45	1721.0
940	1517906721.45
941	1517906721.46
942	1517906721.46
943	1517906721.46
944	1517906721.46
945	1517906721.47
946	1517906721.48	1676017.0
947	1517906721.48
948	1517906721.48	1496085.0
949	1517906721.48	387026.0
950	1517906721.48
951	1517906721.48
952	1517906721.48
953	1517906721.49
954	1517906721.49	1675092.0
955	1517906721.49	17756.0
956	1517906721.49
957	1517906721.5	1712104.0
958	1517906721.5
959	1517906721.5
960	1517906721.5
961	1517906721.51
962	1517906721.51
963	1517906721.51
964	1517906721.51
965	1517906721.53
966	1517906721.53
967	1517906721.53	2785339.0
968	1517906721.54
969	1517906721.54
970	1517906721.54
971	1517906721.54
972	1517906721.55	1815743.0
973	1517906721.55
974	1517906721.56	611786.0
975	1517906721.56
976	1517906721.56
977	1517906721.56
978	1517906721.56	1713512.0
979	1517906721.57	1716375.0
980	1517906721.58
981	1517906721.58
982	1517906721.58
983	1517906721.58
984	1517906721.58
985	1517906721.58
986	1517906721.58
987	1517906721.59	1882103.0
988	1517906721.59	1762799.0
989	1517906721.59	2007307.0
990	1517906721.6
991	1517906721.6
992	1517906721.6
993	1517906721.6
994	1517906721.6	1857393.0
995	1517906721.6
996	1517906721.6	14357.0
997	1517906721.61
998	1517906721.61	498718.0
999	1517906721.61
1000	1517906721.61
1001	1517906721.61
1002	1517906721.61	1547783.0
1003	1517906721.61	1704044.0
1004	1517906721.62
1005	1517906721.62
1006	1517906721.62
1007	1517906721.62
1008	1517906721.63
1009	1517906721.63
1010	1517906721.63
1011	1517906721.63
1012	1517906721.63
1013	1517906721.63
1014	1517906721.64
1015	1517906721.64
1016	1517906721.64
1017	1517906721.64
1018	1517906721.64
1019	1517906721.64
1020	1517906721.64	1373204.0
1021	1517906721.65	1969541.0	16356.0
1022	1517906721.65	1112822.0
1023	1517906721.65	2039583.0
1024	1517906721.65
1025	1517906721.65	1393622.0
1026	1517906721.65
1027	1517906721.65
1028	1517906721.65
1029	1517906721.66
1030	1517906721.66
1031	1517906721.66
1032	1517906721.67
1033	1517906721.67
1034	1517906721.67
1035	1517906721.67
1036	1517906721.68	1720117.0
1037	1517906721.68
1038	1517906721.68
1039	1517906721.68	1691773.0	8508.0
1040	1517906721.68
1041	1517906721.69
1042	1517906721.69
1043	1517906721.69
1044	1517906721.69
1045	1517906721.69
1046	1517906721.69
1047	1517906721.69
1048	1517906721.69
1049	1517906721.69
1050	1517906721.7
1051	1517906721.7
1052	1517906721.7
1053	1517906721.7
1054	1517906721.7
1055	1517906721.7
1056	1517906721.7
1057	1517906721.71	1073289.0
1058	1517906721.71	59653.0	1156.0
1059	1517906721.71
1060	1517906721.71
1061	1517906721.71
1062	1517906721.71
1063	1517906721.71	909.0
1064	1517906721.71
1065	1517906721.72	4006042.0
1066	1517906721.72
1067	1517906721.72
1068	1517906721.72	1718415.0
1069	1517906721.72
1070	1517906721.73
1071	1517906721.73	1985877.0	1156.0	1156.0
1072	1517906721.73
1073	1517906721.73	1678257.0
1074	1517906721.73
1075	1517906721.73
1076	1517906721.73
1077	1517906721.73	1828965.0	1156.0
1078	1517906721.74
1079	1517906721.74	1730892.0
1080	1517906721.75
1081	1517906721.75
1082	1517906721.75
1083	1517906721.75
1084	1517906721.75
1085	1517906721.76
1086	1517906721.76
1087	1517906721.76
1088	1517906721.76
1089	1517906721.76
1090	1517906721.77
1091	1517906721.77
1092	1517906721.77
1093	1517906721.77	1143.0	8310.0
1094	1517906721.77
1095	1517906721.78
1096	1517906721.78
1097	1517906721.78
1098	1517906721.78	2046346.0	576.0	576.0	576.0	576.0
1099	1517906721.78	1679650.0
1100	1517906721.79
1101	1517906721.79
1102	1517906721.79	1668061.0	7056.0
1103	1517906721.79
1104	1517906721.79
1105	1517906721.8
1106	1517906721.8
1107	1517906721.8
1108	1517906721.8	559891.0	1734.0
1109	1517906721.8
1110	1517906721.81
1111	1517906721.81
1112	1517906721.81
1113	1517906721.81
1114	1517906721.82
1115	1517906721.82
1116	1517906721.83
1117	1517906721.83
1118	1517906721.83
1119	1517906721.83
1120	1517906721.83
1121	1517906721.83	1118490.0
1122	1517906721.83	2009505.0	1156.0	1156.0
1123	1517906721.84
1124	1517906721.84
1125	1517906721.84
1126	1517906721.84
1127	1517906721.84
1128	1517906721.84	1672464.0	5702.0
1129	1517906721.84
1130	1517906721.84
1131	1517906721.85
1132	1517906721.85
1133	1517906721.85
1134	1517906721.85
1135	1517906721.86	1738803.0
1136	1517906721.86	1338532.0
1137	1517906721.86
1138	1517906721.86
1139	1517906721.86
1140	1517906721.86
1141	1517906721.86
1142	1517906721.86	1695249.0
1143	1517906721.87
1144	1517906721.87	4013315.0
1145	1517906721.87	1666113.0
1146	1517906721.87	1932673.0	578.0
1147	1517906721.87	1057916.0
1148	1517906721.88
1149	1517906721.88
1150	1517906721.89
1151	1517906721.89
1152	1517906721.89	12019.0
1153	1517906721.89
1154	1517906721.89
1155	1517906721.89
1156	1517906721.9
1157	1517906721.9	1396342.0
1158	1517906721.9
1159	1517906721.91
1160	1517906721.91
1161	1517906721.91
1162	1517906721.91
1163	1517906721.91
1164	1517906721.92
1165	1517906721.92
1166	1517906721.92
1167	1517906721.93	2768960.0
1168	1517906721.93	811711.0
1169	1517906721.93	1655672.0	13986.0
1170	1517906721.93
1171	1517906721.93
1172	1517906721.94
1173	1517906721.94
1174	1517906721.95	4549803.0
1175	1517906721.95	42787.0
1176	1517906721.95	3759473.0
1177	1517906721.95	1506746.0
1178	1517906721.95	4225908.0
1179	1517906721.95
1180	1517906721.96
1181	1517906721.96
1182	1517906721.96	1619347.0
1183	1517906721.96	1603868.0
1184	1517906721.96
1185	1517906721.96	1838745.0
1186	1517906721.96
1187	1517906721.97
1188	1517906721.97
1189	1517906721.98
1190	1517906721.98	3625422.0
1191	1517906721.98	3370312.0
1192	1517906721.98
1193	1517906721.98
1194	1517906721.99
1195	1517906721.99	698100.0
1196	1517906721.99
1197	1517906721.99
1198	1517906721.99
1199	1517906722.0
1200	1517906722.01	1677284.0
1201	1517906722.01
1202	1517906722.01	4783591.0
1203	1517906722.01
1204	1517906722.01	4504712.0
1205	1517906722.01
1206	1517906722.01
1207	1517906722.02
1208	1517906722.02
1209	1517906722.02
1210	1517906722.02	1143.0
1211	1517906722.02
1212	1517906722.03
1213	1517906722.03	587268.0	3644.0
1214	1517906722.03
1215	1517906722.03
1216	1517906722.03
1217	1517906722.04
1218	1517906722.04	1878050.0	14251.0
1219	1517906722.04
1220	1517906722.04
1221	1517906722.04
1222	1517906722.04
1223	1517906722.05
1224	1517906722.05	3826420.0
1225	1517906722.05	978740.0
1226	1517906722.05	1473837.0
1227	1517906722.05
1228	1517906722.05
1229	1517906722.06
1230	1517906722.06
1231	1517906722.06	1674123.0
1232	1517906722.06
1233	1517906722.06
1234	1517906722.06
1235	1517906722.07
1236	1517906722.07
1237	1517906722.07
1238	1517906722.07
1239	1517906722.08
1240	1517906722.08
1241	1517906722.08	1682237.0
1242	1517906722.08
1243	1517906722.08
1244	1517906722.08
1245	1517906722.09
1246	1517906722.09
1247	1517906722.09
1248	1517906722.09	1703582.0
1249	1517906722.09	1959663.0	1156.0
1250	1517906722.09	1709230.0
1251	1517906722.09
1252	1517906722.09
1253	1517906722.09
1254	1517906722.1
1255	1517906722.1	1881609.0
1256	1517906722.1
1257	1517906722.1
1258	1517906722.11
1259	1517906722.11	1618298.0
1260	1517906722.11
1261	1517906722.11
1262	1517906722.11
1263	1517906722.11
1264	1517906722.12
1265	1517906722.12
1266	1517906722.12
1267	1517906722.12
1268	1517906722.12
1269	1517906722.12	94553.0
1270	1517906722.12
1271	1517906722.12	607165.0
1272	1517906722.13	2071874.0	578.0	133890.0
1273	1517906722.13	887006.0
1274	1517906722.13
1275	1517906722.13
1276	1517906722.13	1865010.0
1277	1517906722.14
1278	1517906722.14	1894647.0	19284.0
1279	1517906722.15	146674.0
1280	1517906722.15	1448078.0
1281	1517906722.15	670328.0
1282	1517906722.15	1114787.0
1283	1517906722.16
1284	1517906722.16
1285	1517906722.16
1286	1517906722.16
1287	1517906722.16
1288	1517906722.16
1289	1517906722.16
1290	1517906722.16
1291	1517906722.17
1292	1517906722.17
1293	1517906722.17
1294	1517906722.17
1295	1517906722.17
1296	1517906722.18	1661741.0	18325.0
1297	1517906722.18	1671288.0
1298	1517906722.18	1696875.0
1299	1517906722.18
1300	1517906722.18	1670968.0
1301	1517906722.19	1978475.0	1156.0	1156.0
1302	1517906722.19
1303	1517906722.19
1304	1517906722.19	1232652.0
1305	1517906722.19
1306	1517906722.19
1307	1517906722.2
1308	1517906722.2
1309	1517906722.2
1310	1517906722.2
1311	1517906722.2
1312	1517906722.2
1313	1517906722.2
1314	1517906722.21
1315	1517906722.21
1316	1517906722.22
1317	1517906722.22
1318	1517906722.22
1319	1517906722.23
1320	1517906722.23	1688201.0
1321	1517906722.24
1322	1517906722.24
1323	1517906722.24
1324	1517906722.24
1325	1517906722.25
1326	1517906722.25	6049.0
1327	1517906722.25	122031.0
1328	1517906722.25
1329	1517906722.26
1330	1517906722.26	1610613.0
1331	1517906722.26
1332	1517906722.26
1333	1517906722.26
1334	1517906722.26	1946126.0	578.0
1335	1517906722.26
1336	1517906722.26
1337	1517906722.26
1338	1517906722.27	1699932.0	578.0
1339	1517906722.27
1340	1517906722.27	2033355.0	2890.0	2932.0	2890.0	87942.0
1341	1517906722.27
1342	1517906722.27
1343	1517906722.27
1344	1517906722.27	1862908.0	2312.0
1345	1517906722.27
1346	1517906722.27
1347	1517906722.27
1348	1517906722.27	1839124.0
1349	1517906722.27	141312.0
1350	1517906722.28
1351	1517906722.28	3573181.0
1352	1517906722.28	3474916.0
1353	1517906722.29
1354	1517906722.29
1355	1517906722.29
1356	1517906722.29
1357	1517906722.29
1358	1517906722.3
1359	1517906722.3
1360	1517906722.3
1361	1517906722.3
1362	1517906722.3
1363	1517906722.3
1364	1517906722.3
1365	1517906722.3
1366	1517906722.31	1681549.0
1367	1517906722.31
1368	1517906722.31
1369	1517906722.32	1838898.0
1370	1517906722.32	2003921.0	16514.0
1371	1517906722.32
1372	1517906722.33	1858763.0
1373	1517906722.33
1374	1517906722.33	1565518.0	17574.0
1375	1517906722.34
1376	1517906722.34
1377	1517906722.34
1378	1517906722.35
1379	1517906722.35
1380	1517906722.35	1813931.0
1381	1517906722.35
1382	1517906722.36
1383	1517906722.36
1384	1517906722.36
1385	1517906722.36
1386	1517906722.36
1387	1517906722.37	1975439.0
1388	1517906722.37
1389	1517906722.37
1390	1517906722.37
1391	1517906722.37	1674445.0
1392	1517906722.37
1393	1517906722.37	1929586.0	1156.0	1156.0
1394	1517906722.38
1395	1517906722.38	1684095.0
1396	1517906722.39	1625224.0	5970.0
1397	1517906722.39
1398	1517906722.39
1399	1517906722.39
1400	1517906722.39
1401	1517906722.39	1605195.0
1402	1517906722.39
1403	1517906722.4
1404	1517906722.4	1918067.0	16420.0
1405	1517906722.4
1406	1517906722.4
1407	1517906722.41
1408	1517906722.41	26204.0
1409	1517906722.41
1410	1517906722.41
1411	1517906722.41	1876303.0	2650.0
1412	1517906722.42	1613332.0
1413	1517906722.42
1414	1517906722.42
1415	1517906722.42	1395103.0
1416	1517906722.42	1670984.0
1417	1517906722.42	583275.0
1418	1517906722.43	1819502.0
1419	1517906722.43
1420	1517906722.43
1421	1517906722.43	1740919.0	1156.0
1422	1517906722.44
1423	1517906722.44
1424	1517906722.44
1425	1517906722.44
1426	1517906722.45	129118.0
1427	1517906722.45	1671392.0
1428	1517906722.45
1429	1517906722.45
1430	1517906722.46
1431	1517906722.46
1432	1517906722.46
1433	1517906722.46	18407.0
1434	1517906722.47	1709269.0
1435	1517906722.47	1623665.0
1436	1517906722.47
1437	1517906722.47
1438	1517906722.47
1439	1517906722.48	1752942.0	1156.0
1440	1517906722.48
1441	1517906722.48
1442	1517906722.49	1696597.0
1443	1517906722.49
1444	1517906722.49
1445	1517906722.49
1446	1517906722.5	1935841.0	2312.0	40804.0
1447	1517906722.5
1448	1517906722.5
1449	1517906722.5
1450	1517906722.5	1678081.0
1451	1517906722.51
1452	1517906722.51
1453	1517906722.51
1454	1517906722.51
1455	1517906722.52
1456	1517906722.52
1457	1517906722.53
1458	1517906722.53
1459	1517906722.53
1460	1517906722.54
1461	1517906722.54	1852906.0
1462	1517906722.54
1463	1517906722.54
1464	1517906722.54
1465	1517906722.55	1913835.0	1156.0
1466	1517906722.55
1467	1517906722.55
1468	1517906722.55	1143.0
1469	1517906722.55
1470	1517906722.55	1663764.0
1471	1517906722.56
1472	1517906722.56
1473	1517906722.56
1474	1517906722.56
1475	1517906722.57
1476	1517906722.58	1849905.0
1477	1517906722.59
1478	1517906722.6	1674176.0
1479	1517906722.6	1621739.0	1494.0
1480	1517906722.6
1481	1517906722.6
1482	1517906722.61
1483	1517906722.61
1484	1517906722.61
1485	1517906722.61
1486	1517906722.62
1487	1517906722.62
1488	1517906722.63	174121.0
1489	1517906722.63
1490	1517906722.63	1857243.0
1491	1517906722.63
1492	1517906722.64
1493	1517906722.64
1494	1517906722.64	1245852.0
1495	1517906722.64
1496	1517906722.65
1497	1517906722.65
1498	1517906722.65
1499	1517906722.65
1500	1517906722.65
1501	1517906722.65
1502	1517906722.65	1810331.0
1503	1517906722.66
1504	1517906722.66
1505	1517906722.66
1506	1517906722.66
1507	1517906722.66
1508	1517906722.66	1882887.0	2312.0	2354.0
1509	1517906722.67
1510	1517906722.67
1511	1517906722.67
1512	1517906722.67
1513	1517906722.67
1514	1517906722.68
1515	1517906722.68
1516	1517906722.68
1517	1517906722.69	1606646.0
1518	1517906722.69
1519	1517906722.69
1520	1517906722.69	671219.0
1521	1517906722.7	29231.0
1522	1517906722.7
1523	1517906722.7
1524	1517906722.71
1525	1517906722.71
1526	1517906722.72
1527	1517906722.72	1729640.0
1528	1517906722.72
1529	1517906722.73
1530	1517906722.73
1531	1517906722.73
1532	1517906722.73	2299.0	2312.0
1533	1517906722.73	170564.0
1534	1517906722.73
1535	1517906722.73
1536	1517906722.74
1537	1517906722.75
1538	1517906722.75
1539	1517906722.75
1540	1517906722.75	2021116.0	1734.0	1776.0
1541	1517906722.75
1542	1517906722.75
1543	1517906722.75
1544	1517906722.76
1545	1517906722.76
1546	1517906722.76	1606679.0
1547	1517906722.76
1548	1517906722.77
1549	1517906722.77
1550	1517906722.77
1551	1517906722.78
1552	1517906722.78
1553	1517906722.78
1554	1517906722.79
1555	1517906722.79
1556	1517906722.79
1557	1517906722.79
1558	1517906722.79
1559	1517906722.8	211619.0
1560	1517906722.81
1561	1517906722.82
1562	1517906722.83
1563	1517906722.83
1564	1517906722.84	1719855.0
1565	1517906722.84
1566	1517906722.84
1567	1517906722.84
1568	1517906722.84	1681069.0	10740.0
1569	1517906722.86
1570	1517906722.87	2001554.0	1156.0	5112.0
1571	1517906722.88
1572	1517906722.88	1691061.0	578.0	4333.0
1573	1517906722.88	1503588.0	578.0	4333.0
1574	1517906722.89
1575	1517906722.9
1576	1517906722.9
1577	1517906722.9
1578	1517906722.91	1155960.0
1579	1517906722.92
1580	1517906722.92
1581	1517906722.92
1582	1517906722.93	1616554.0
1583	1517906722.93
1584	1517906722.94
1585	1517906722.94	620327.0
1586	1517906722.94
1587	1517906722.94
1588	1517906722.95
1589	1517906722.95	1730524.0
1590	1517906722.95
1591	1517906722.95
1592	1517906722.96
1593	1517906722.96
1594	1517906722.97
1595	1517906722.98
1596	1517906722.98
1597	1517906722.98
1598	1517906722.98
1599	1517906722.98
1600	1517906722.99
1601	1517906722.99
1602	1517906722.99	209147.0
1603	1517906723.0
1604	1517906723.01
1605	1517906723.01
1606	1517906723.01
1607	1517906723.02
1608	1517906723.02
1609	1517906723.02
1610	1517906723.03
1611	1517906723.03
1612	1517906723.05
1613	1517906723.06
1614	1517906723.06	1560686.0
1615	1517906723.06
1616	1517906723.06
1617	1517906723.07
1618	1517906723.07
1619	1517906723.08	1370422.0
1620	1517906723.09
1621	1517906723.09	1672322.0
1622	1517906723.09
1623	1517906723.1
1624	1517906723.11
1625	1517906723.11
1626	1517906723.12
1627	1517906723.12
1628	1517906723.13
1629	1517906723.13
1630	1517906723.13
1631	1517906723.13
1632	1517906723.13
1633	1517906723.13
1634	1517906723.14
1635	1517906723.15	1681702.0	867.0
1636	1517906723.15	646266.0
1637	1517906723.16	1891042.0	2634.0
1638	1517906723.16
1639	1517906723.17
1640	1517906723.17
1641	1517906723.17
1642	1517906723.18
1643	1517906723.19
1644	1517906723.2
1645	1517906723.2
1646	1517906723.2
1647	1517906723.21
1648	1517906723.22	132093.0
1649	1517906723.22
1650	1517906723.22
1651	1517906723.22
1652	1517906723.22
1653	1517906723.23
1654	1517906723.23
1655	1517906723.23
1656	1517906723.23	1980692.0
1657	1517906723.24
1658	1517906723.24
1659	1517906723.25
1660	1517906723.25
1661	1517906723.26
1662	1517906723.29
1663	1517906723.29
1664	1517906723.3
1665	1517906723.31
1666	1517906723.34
1667	1517906723.34
1668	1517906723.34
1669	1517906723.35
1670	1517906723.35
1671	1517906723.35	1705212.0
1672	1517906723.36
1673	1517906723.36
1674	1517906723.37	1764273.0	19270.0
1675	1517906723.37
1676	1517906723.38
1677	1517906723.38	870537.0
1678	1517906723.38
1679	1517906723.39
1680	1517906723.39
1681	1517906723.39
1682	1517906723.39	166930.0
1683	1517906723.4
1684	1517906723.4
1685	1517906723.4
1686	1517906723.42
1687	1517906723.42
1688	1517906723.43
1689	1517906723.43
1690	1517906723.46
1691	1517906723.47
1692	1517906723.47	715611.0
1693	1517906723.48	2018756.0	1156.0
1694	1517906723.48
1695	1517906723.49	2025147.0	1156.0	1156.0
1696	1517906723.51
1697	1517906723.52
1698	1517906723.53
1699	1517906723.53
1700	1517906723.53
1701	1517906723.53	1143.0
1702	1517906723.53
1703	1517906723.53
1704	1517906723.53
1705	1517906723.53
1706	1517906723.55
1707	1517906723.56
1708	1517906723.57
1709	1517906723.58
1710	1517906723.6
1711	1517906723.61
1712	1517906723.61
1713	1517906723.62
1714	1517906723.62
1715	1517906723.62	304143.0
1716	1517906723.63
1717	1517906723.63
1718	1517906723.64
1719	1517906723.65
1720	1517906723.66
1721	1517906723.66
1722	1517906723.67
1723	1517906723.68	1724949.0
1724	1517906723.68
1725	1517906723.68
1726	1517906723.68
1727	1517906723.68
1728	1517906723.69
1729	1517906723.7
1730	1517906723.7	1811690.0
1731	1517906723.71
1732	1517906723.71
1733	1517906723.71
1734	1517906723.72
1735	1517906723.73	1608691.0
1736	1517906723.73
1737	1517906723.73
1738	1517906723.73
1739	1517906723.73	1611016.0
1740	1517906723.74
1741	1517906723.75
1742	1517906723.75
1743	1517906723.76
1744	1517906723.77
1745	1517906723.77
1746	1517906723.78
1747	1517906723.78
1748	1517906723.79
1749	1517906723.8	340981.0
1750	1517906723.8
1751	1517906723.81
1752	1517906723.82
1753	1517906723.82
1754	1517906723.84
1755	1517906723.86	1881985.0	14852.0
1756	1517906723.87	1143.0
1757	1517906723.87
1758	1517906723.87
1759	1517906723.87
1760	1517906723.88
1761	1517906723.88
1762	1517906723.89	1736870.0
1763	1517906723.9
1764	1517906723.91
1765	1517906723.93
1766	1517906723.93
1767	1517906723.94
1768	1517906723.94	802660.0	7591.0
1769	1517906723.94	592527.0	6285.0
1770	1517906723.95
1771	1517906723.97
1772	1517906723.97
1773	1517906723.99
1774	1517906723.99
1775	1517906723.99
1776	1517906723.99
1777	1517906723.99
1778	1517906723.99
1779	1517906724.0
1780	1517906724.01
1781	1517906724.01
1782	1517906724.02
1783	1517906724.04	2034524.0	1776.0
1784	1517906724.06
1785	1517906724.06
1786	1517906724.07
1787	1517906724.07
1788	1517906724.08
1789	1517906724.08	1654694.0
1790	1517906724.08	1677958.0
1791	1517906724.09
1792	1517906724.1
1793	1517906724.11
1794	1517906724.11
1795	1517906724.12
1796	1517906724.13
1797	1517906724.13
1798	1517906724.14
1799	1517906724.14
1800	1517906724.16
1801	1517906724.16
1802	1517906724.16
1803	1517906724.17
1804	1517906724.19
1805	1517906724.2
1806	1517906724.2
1807	1517906724.2
1808	1517906724.21	1603434.0
1809	1517906724.22
1810	1517906724.22
1811	1517906724.22
1812	1517906724.23
1813	1517906724.23	1445136.0	578.0
1814	1517906724.24
1815	1517906724.26
1816	1517906724.26
1817	1517906724.27
1818	1517906724.28
1819	1517906724.29
1820	1517906724.29
1821	1517906724.29
1822	1517906724.3
1823	1517906724.32
1824	1517906724.32
1825	1517906724.32
1826	1517906724.32
1827	1517906724.32
1828	1517906724.33
1829	1517906724.35
1830	1517906724.36
1831	1517906724.39
1832	1517906724.39
1833	1517906724.39
1834	1517906724.4
1835	1517906724.4
1836	1517906724.41
1837	1517906724.42
1838	1517906724.44
1839	1517906724.45
1840	1517906724.46
1841	1517906724.46
1842	1517906724.48
1843	1517906724.5
1844	1517906724.51
1845	1517906724.51
1846	1517906724.51
1847	1517906724.51
1848	1517906724.53
1849	1517906724.54
1850	1517906724.54
1851	1517906724.54
1852	1517906724.54
1853	1517906724.56
1854	1517906724.56
1855	1517906724.57
1856	1517906724.57
1857	1517906724.61
1858	1517906724.62
1859	1517906724.62
1860	1517906724.66
1861	1517906724.67
1862	1517906724.73
1863	1517906724.76	180977.0
1864	1517906724.77
1865	1517906724.77
1866	1517906724.8	1872749.0	3456.0
1867	1517906724.82
1868	1517906724.85	1696181.0
1869	1517906724.86
1870	1517906724.86	1611524.0
1871	1517906724.87
1872	1517906724.87
1873	1517906724.9
1874	1517906724.91
1875	1517906724.92
1876	1517906724.93
1877	1517906724.93
1878	1517906724.95
1879	1517906724.99
1880	1517906724.99
1881	1517906725.01
1882	1517906725.03	1185.0
1883	1517906725.11
1884	1517906725.11
1885	1517906725.13
1886	1517906725.18	41242.0
1887	1517906725.19
1888	1517906725.19
1889	1517906725.2
1890	1517906725.21
1891	1517906725.23
1892	1517906725.26
1893	1517906725.26
1894	1517906725.27
1895	1517906725.27
1896	1517906725.28
1897	1517906725.28
1898	1517906725.3
1899	1517906725.32
1900	1517906725.33
1901	1517906725.36
1902	1517906725.37
1903	1517906725.42
1904	1517906725.47
1905	1517906725.47
1906	1517906725.5
1907	1517906725.55
1908	1517906725.58
1909	1517906725.61
1910	1517906725.71
1911	1517906725.72
1912	1517906725.83
1913	1517906725.89
1914	1517906725.92
1915	1517906725.93
1916	1517906725.97
1917	1517906726.02
1918	1517906726.06
1919	1517906726.07
1920	1517906726.12
1921	1517906726.17
1922	1517906726.26
1923	1517906726.27
1924	1517906726.3
1925	1517906726.35
1926	1517906726.36
1927	1517906726.37	1394716.0	2554.0
1928	1517906726.4
1929	1517906726.43
1930	1517906726.44
1931	1517906726.45
1932	1517906726.54
1933	1517906726.84
1934	1517906726.87
1935	1517906727.04
1936	1517906727.14
1937	1517906727.16
1938	1517906727.22
1939	1517906727.26
1940	1517906727.42
1941	1517906727.58
1942	1517906727.59
1943	1517906727.75
1944	1517906727.77	4923073.0
1945	1517906727.81
1946	1517906727.94	1445365.0
1947	1517906729.27	46310304.0	82284.0	790915.0
1948	1517906733.57	84110275.0	42575654.0	578.0	578.0	5475.0
